read      236.3   201.3    63.8   119.3   139.5   221.6   247.2   262.3   272.7   286.7   304.9   337.8   580.0  2719.5  7899.1   8176.7     8195
read      258.7   370.6    63.8   118.6   131.6   206.6   244.6   268.0   285.7   307.5   337.0   390.0  2053.1  4619.1  8103.1 158646.5   158594
read      219.6   161.8    68.9   113.4   124.6   191.3   231.4   257.7   277.2   300.3   330.0   375.1   546.5  2545.7  4636.2 149863.4   149766
read      232.4   147.0    63.8   123.3   142.9   223.8   249.1   263.7   273.6   287.0   303.8   334.4   435.3  2239.1  7469.1  10360.8    10382
read      278.3   303.9    63.8   127.4   142.7   228.9   269.8   293.6   312.0   335.1   368.5   444.4  1501.0  3512.7  7997.8 170573.9   170548
read      219.2   158.4    68.9   113.9   125.1   192.0   232.2   258.4   277.5   300.2   328.9   372.1   514.5  2215.5  5734.2 150491.9   150565
read      214.6   159.8    63.8   111.0   120.9   186.2   229.2   257.7   278.3   302.1   331.5   374.1   498.9  1839.9  6144.5 137307.3   137144
read      224.5   203.2    63.8   112.7   123.6   191.3   232.6   259.7   279.5   303.2   333.6   381.5   602.5  3074.2  7755.7 143325.2   143496
read      222.2   159.9    68.9   113.0   124.1   191.4   232.6   260.0   280.0   303.8   334.3   382.8   669.1  1951.7  4161.9 144563.8   144743
read      224.5   204.8    68.9   109.5   118.7   188.1   239.7   272.0   294.0   318.7   350.4   401.7   625.5  2310.4  9193.5 116796.7   116745
read      215.0   129.4    63.8   110.1   119.5   185.3   230.8   260.9   282.2   306.4   336.3   381.6   559.0  1567.7  3525.7 129359.7   129314
read      226.2   169.3    59.1   114.8   126.5   196.1   238.5   266.7   287.2   311.8   343.2   395.8   599.8  2247.1  5362.0 144683.5   144723
read      276.2   265.5    63.8   115.1   127.6   214.8   275.1   315.6   347.7   390.6   452.5   580.7  1226.5  3353.6  7607.1 117240.0   117379
read      261.7   241.6    68.9   113.2   124.7   205.7   262.1   298.5   327.8   366.0   424.0   544.8  1156.6  2952.9  7731.6 119962.7   119931
read      245.2   277.4    68.9   112.2   123.0   195.3   240.8   269.5   290.4   315.2   347.8   410.9  1371.5  3456.0  7726.1 131908.3   132052
read      216.4   148.5    63.8   112.8   123.6   189.5   230.6   257.8   277.6   301.2   330.9   373.7   497.6  1690.8  5995.8 143281.1   143350
read      221.5   168.7    68.9   113.1   124.3   192.3   234.5   262.7   283.1   307.5   338.5   388.9   566.7  2039.0  7547.9 143490.7   143518
read      242.3   180.6    68.9   127.6   141.7   218.5   258.3   282.2   300.1   321.7   352.3   403.0   572.2  2493.2  6535.7 173116.1   172981
read      261.5   257.2    63.8   110.8   121.4   215.1   279.6   317.4   344.9   376.6   416.8   480.4   829.2  3790.3  7671.5  93969.5    94027
read      256.3   237.6    68.9   128.1   142.7   223.4   265.5   290.7   309.9   333.7   366.5   425.2   714.6  3465.8  7940.3 169926.1   170019
read      241.4   158.8    68.9   130.3   145.1   221.2   258.3   280.2   296.6   317.3   344.8   392.8   538.6  2111.9  6355.2 179347.0   179090
read      261.8   281.6    63.8   110.2   120.4   233.6   286.6   314.3   333.6   355.2   381.6   423.9   690.2  4302.6  7961.8  47063.7    47130
read      248.5   186.6    63.8   120.9   137.0   235.0   268.8   286.5   298.6   314.9   336.6   372.3   576.7  2319.4  8039.4  19489.4    19439
read      276.2   320.7    54.7   114.0   125.8   204.6   252.5   282.6   306.2   336.8   385.8   675.9  1527.6  3584.1  8085.6 128973.5   128963
read      254.9   175.6    68.9   117.7   132.3   239.9   278.0   297.7   312.7   330.2   353.3   394.2   677.1  2551.6  4588.7  23824.6    23787
read      267.6   323.5    63.8   108.6   118.2   229.9   289.9   323.3   346.2   371.8   402.2   452.1   794.9  6044.7  8471.4  61849.9    61848
read      274.4   359.3    63.8   111.8   122.7   213.3   276.0   315.3   344.3   379.1   424.5   503.8  1312.0  6097.1 10508.6 102005.8   101968
read      264.7   305.6    68.9   111.9   122.7   206.9   266.4   302.2   329.7   364.2   412.9   508.1  1218.5  3948.1  9098.4 108894.2   108767
read      261.0   309.3    63.8   110.7   120.9   210.3   272.1   308.2   334.8   366.2   406.1   474.3  1053.7  3637.5 12053.8  97052.1    97139
read      226.1   171.7    68.9   119.0   131.4   201.3   240.9   265.7   283.7   305.3   333.3   376.6   503.9  2500.8  7000.6 158585.7   158594
read      217.6   161.9    68.9   113.2   124.1   190.6   232.4   259.8   279.3   302.2   331.0   373.1   492.6  2085.6  5400.5 141219.9   141240
read      261.7   265.6    63.8   110.7   121.5   235.4   285.3   311.3   329.2   349.3   373.9   416.0   766.6  4209.5  7558.0  41486.7    41405
read      265.6   294.2    63.8   108.3   118.1   230.8   289.2   321.5   343.6   368.2   397.7   444.6   875.7  4874.4  8033.4  58016.8    57997
read      293.3   383.0    63.8   116.2   128.8   211.2   256.7   285.0   307.1   336.0   383.0   816.6  1678.4  4145.3  8253.8 133672.0   133577
read      264.6   299.3    59.1   108.4   118.1   231.3   287.3   318.1   339.3   362.7   391.1   434.0   808.5  5000.4  8446.8  53905.1    53832
read      257.1   290.1    63.8   115.9   128.3   203.2   246.6   273.0   293.4   318.0   352.8   426.5  1469.8  3505.7  8791.1 139943.1   139832
read      232.6   174.5    74.4   123.8   137.8   211.0   249.5   272.5   290.0   310.9   338.3   382.1   500.1  2235.6  7605.0 170533.0   170515
read      262.4   289.4    59.1   112.2   123.0   198.4   245.8   275.0   297.3   325.3   367.1   544.1  1480.0  3376.7  7372.7 128682.8   128494
read      242.3   140.3    68.9   118.9   134.5   232.8   266.5   284.0   296.2   312.2   332.9   366.8   496.0  2250.5  3651.2  20807.5    20789
read      261.7   299.2    63.8   107.4   116.9   226.5   285.4   318.5   341.7   367.2   397.5   444.3   788.2  5377.0  8988.4  63535.7    63647
read      259.2   286.6    63.8   107.1   116.5   225.7   284.8   318.5   341.9   367.5   397.9   444.6   746.6  4832.2  9369.0  64856.2    64802
read      264.6   326.0    63.8   108.0   117.7   229.8   286.2   317.5   338.7   362.2   390.4   433.4   788.2  5611.6  9444.2  55663.8    55719
read      263.4   267.8    68.9   129.1   144.1   227.6   268.7   292.5   310.4   332.3   362.2   415.5  1224.8  3476.2  8017.0 174076.9   174179
read      247.2   210.7    68.9   110.3   120.0   201.4   262.2   298.2   325.4   358.4   401.4   473.4   829.2  2744.6  6702.8 106324.9   106356
read      271.3   231.7    68.9   135.7   152.3   242.2   285.3   310.3   329.0   352.2   384.6   440.3   750.8  3329.9  8358.5 178566.3   178750
read      260.2   279.2    68.9   111.2   121.5   204.2   264.1   300.7   328.9   364.0   412.5   503.7  1201.7  3618.1  8133.7 105938.4   105831
read      267.9   305.1    68.9   111.9   122.6   206.7   266.6   305.6   336.2   374.4   428.8   530.5  1290.7  3757.2  9966.6 110804.5   110667
read      228.5   149.0    68.9   126.4   145.6   218.4   242.8   256.7   267.3   279.2   295.7   325.8   425.0  2254.2  7017.3   8788.7     8803
read      250.3   190.7    59.1   109.1   118.9   231.0   282.7   309.9   328.3   348.5   373.3   414.6   585.5  2898.3  6374.3  45626.7    45662
read      247.5   154.3    59.1   112.9   125.1   235.2   277.9   299.9   315.5   334.1   357.6   394.8   531.4  2256.4  3893.4  30772.3    30867
read      271.7   332.7    54.7   109.6   119.7   235.4   289.0   317.3   337.1   359.7   388.0   434.1  1018.1  5773.7  8112.1  45735.4    45656
read      279.4   347.0    74.4   111.9   122.9   213.9   277.7   317.9   349.9   392.0   451.0   557.3  1371.2  4062.2 12577.5 101082.9   100938
read      251.8   267.3    63.8   113.3   124.7   201.3   250.2   278.7   300.0   325.6   361.4   433.9  1428.6  3414.6  7684.7 132151.6   132360
read      254.9   233.1    63.8   108.0   117.7   223.3   284.0   317.1   340.3   366.4   398.4   451.4   699.3  3219.5  8056.7  67609.5    67591
read      244.5   144.6    68.9   112.1   123.8   235.7   276.6   297.8   313.4   332.0   356.8   398.2   531.9  1663.8  5017.0  33948.8    33910
read      269.6   279.7    68.9   110.5   121.4   224.8   293.0   333.2   361.3   392.6   430.9   494.4   837.7  3821.7  9841.4  85760.9    85729
read      277.2   342.8    59.1   126.8   147.1   234.5   267.2   285.5   299.1   317.5   343.9   407.9  1432.1  4844.8  8805.3  12871.7    12884
read      274.1   297.7    63.8   109.8   120.3   243.0   300.1   330.5   351.2   374.2   403.9   456.1   886.3  4297.9  9950.9  45773.1    45621
read      276.1   285.9    63.8   111.5   123.2   245.3   297.5   324.9   343.9   366.2   395.3   448.0   950.2  4368.5  7754.6  36892.5    36938
read      280.9   329.2    68.9   110.1   120.5   241.1   305.4   340.3   364.4   391.6   426.0   484.7   985.2  5159.0 10618.8  56944.6    56902
read      294.4   356.1    63.8   114.1   126.4   223.5   291.3   335.8   371.2   416.7   479.9   600.7  1411.6  5166.9 10836.3 102245.3   102243
read      263.9   259.0    63.8   125.0   144.8   235.1   267.6   285.5   298.5   315.9   340.4   389.9  1112.0  3951.8  7881.0  14131.2    14085
read      295.9   369.3    68.9   113.3   125.3   224.9   291.5   333.7   366.7   406.8   464.1   579.9  1574.3  5157.8 10743.2  93974.0    94103
read      281.7   345.6    59.1   109.1   119.3   238.4   301.5   337.3   362.6   390.8   426.2   485.9  1122.3  6016.6 10343.2  58372.7    58175
read      325.9   359.9    68.9   132.1   149.7   253.7   302.7   332.7   356.8   389.8   444.8   675.1  1695.0  3966.2  8111.4 151399.6   151312
read      287.6   347.8    63.8   113.0   124.4   228.3   297.3   337.9   368.0   404.1   454.6   541.2  1351.6  4496.5 12332.2  83350.6    83333
read      304.1   274.2    74.4   141.4   160.2   262.7   312.5   342.7   366.9   397.5   442.1   527.6  1071.4  3484.5  7778.0 165270.3   165153
read      301.1   344.0    68.9   118.6   131.9   223.4   277.7   311.8   338.7   374.2   438.1   707.0  1677.0  3757.3  7769.2 123858.1   123975
read      285.1   294.1    68.9   115.9   129.9   251.3   298.4   322.7   340.4   361.7   390.6   447.5  1397.7  3995.4  7832.5  28450.8    28449
read      261.2   242.8    68.9   125.0   144.8   239.3   272.1   290.7   304.6   320.8   344.9   392.8   762.3  3686.5  7968.3  14917.8    14903
read      268.9   180.2    63.8   114.9   128.1   250.6   298.0   323.1   341.3   362.7   390.9   440.9   850.1  2414.6  4569.6  31143.4    31189
read      272.5   198.8    63.8   112.9   125.2   250.5   307.8   338.2   359.4   383.7   415.0   467.5   712.9  2858.8  6326.7  40741.4    40636
read      278.6   231.8    68.9   110.9   122.3   232.1   301.6   341.2   369.8   403.7   453.4   548.2  1066.9  2604.0  4925.9  80364.8    80574
read      259.8   205.1    68.9   127.2   141.8   222.4   263.4   288.3   307.5   331.7   366.5   439.2  1312.1  2526.1  4522.4 168668.6   168820
read      224.3    96.1    63.8   121.7   134.8   205.3   244.1   268.2   286.0   307.3   335.0   377.5   496.9   923.2  1856.4 162647.3   162621
read      208.0    96.5    68.9   107.3   115.9   184.5   238.8   268.9   287.0   306.1   328.1   361.2   433.3   613.4  2025.0 101707.7   101621
read      220.2    95.4    63.8   110.1   119.4   216.4   262.4   280.9   293.0   307.4   324.4   352.9   421.0   694.0  2758.2  58625.1    58592
read      214.2   106.0    68.9   115.0   126.4   192.3   231.9   257.7   276.5   298.6   326.6   368.7   483.4   944.3  3182.1 153111.3   153042