Random waveform, supplied seed
Total number of intervals = 78 (8195, 158594, 149766, 10382, 170548, 150565, 137144, 143496, 144743, 116745, 129314, 144723, 117379, 119931, 132052, 143350, 143518, 172981, 94027, 170019, 179090, 47130, 19439, 128963, 23787, 61848, 101968, 108767, 97139, 158594, 141240, 41405, 57997, 133577, 53832, 139832, 170515, 128494, 20789, 63647, 64802, 55719, 174179, 106356, 178750, 105831, 110667, 8803, 45662, 30867, 45656, 100938, 132360, 67591, 33910, 85729, 12884, 45621, 36938, 56902, 102243, 14085, 94103, 58175, 151312, 83333, 165153, 123975, 28449, 14903, 31189, 40636, 80574, 168820, 162621, 101621, 58592, 153042)
Average QPS expected = 97032
Timestamp start: 1747207608421
Timestamp end: 1747208388656

#type       avg     std     min      p5     p10     p50     p67     p75     p80     p85     p90     p95     p99    p999   p9999      QPS   target
read      209.5   202.0    54.7   106.7   123.6   200.2   218.4   228.8   235.3   245.3   256.5   275.4   491.4  2727.8  7762.3   8126.6     8195
read      299.1   407.0    68.9   127.5   143.9   242.2   287.5   313.0   332.4   357.0   392.8   465.2  2917.8  4909.7 10023.3 158607.0   158594
read      217.6   147.1    68.9   113.1   125.5   195.6   234.2   258.2   275.4   296.5   323.1   365.3   471.2  1816.6  5219.6 149571.9   149766
read      207.2   141.6    63.8   108.0   124.8   200.9   220.8   231.7   239.7   249.9   263.3   285.7   406.0  1864.8  7408.2  10376.6    10382
read      320.7   328.5    68.9   143.9   164.5   271.9   319.4   348.6   371.7   401.0   443.5   522.6  1550.4  3679.6 11312.8 170200.5   170548
read      234.2   214.7    63.8   115.0   128.0   202.2   244.1   268.9   287.3   309.3   338.0   386.0   644.8  3301.3  6890.6 150704.8   150565
read      226.1   222.4    63.8   111.2   122.6   193.2   235.1   261.4   280.1   302.2   330.2   372.3   561.2  3375.8  7522.2 137234.7   137144
read      225.4   196.3    68.9   112.9   125.0   196.6   237.3   262.8   281.1   302.9   331.3   374.5   540.7  3082.3  7551.6 143683.2   143496
read      224.0   195.2    63.8   112.7   124.7   195.9   235.9   261.2   279.3   301.0   328.9   371.9   514.5  3240.4  7522.1 144860.9   144743
read      215.2   179.2    63.8   107.0   117.2   185.6   230.0   257.6   277.2   299.7   327.3   368.0   504.3  2717.1  6885.3 116918.0   116745
read      287.8   323.7    59.1   113.1   126.1   213.7   266.2   295.5   317.1   343.9   384.9   603.9  1666.2  3296.5  7438.8 129285.5   129314
read      223.0   182.6    63.8   112.8   124.9   196.4   236.0   261.0   278.8   300.2   328.1   371.1   531.5  2703.9  6317.2 144853.2   144723
read      218.3   164.8    59.1   107.3   117.7   188.2   233.0   260.6   280.2   302.8   331.1   373.5   647.1  2071.7  5822.9 117444.6   117379
read      217.2   178.9    59.1   107.7   118.2   188.1   232.4   259.7   279.0   301.5   329.3   370.7   511.6  2722.8  7023.1 120094.2   119931
read      219.9   178.9    59.1   109.5   120.2   191.1   233.4   259.6   278.3   300.2   328.4   371.2   532.0  2698.0  5692.5 131963.2   132052
read      252.8   252.9    63.8   114.1   127.2   207.1   253.4   280.4   300.0   323.9   357.6   423.5  1477.3  3223.4  7674.0 143153.0   143350
read      229.7   201.5    63.8   112.9   125.4   199.5   241.4   266.8   285.5   307.7   336.8   384.4   604.7  3144.7  6779.2 143460.5   143518
read      261.3   191.7    68.9   128.8   145.2   236.1   282.4   309.9   330.8   356.8   391.6   447.7   581.7  2693.4  8158.0 173100.6   172981
read      211.7   115.2    63.8   105.1   114.8   187.2   237.3   266.3   285.6   307.1   333.5   372.1   489.5  1032.7  3472.8  94019.8    94027
read      267.2   208.4    68.9   130.9   148.3   241.2   287.3   314.5   335.4   361.1   395.3   451.6   602.4  2848.3  7708.5 170000.2   170019
read      287.0   200.0    68.9   141.1   160.4   261.6   312.8   343.7   367.5   395.6   431.3   486.5   615.6  2337.6  8221.9 179106.0   179090
read      263.1   286.3    63.8   107.8   118.9   234.8   285.4   314.1   334.8   358.3   386.8   429.9   694.2  5080.8  7879.9  47150.2    47130
read      228.8   157.3    63.8   111.1   124.9   219.3   248.2   264.0   274.4   288.2   305.5   335.9   630.2  1963.6  7344.1  19409.1    19439
read      285.8   351.9    63.8   112.6   125.4   213.2   266.2   296.5   319.1   347.0   390.7   540.9  1642.8  3573.3  8620.3 128966.5   128963
read      238.5   202.6    63.8   111.2   124.2   223.5   256.1   273.0   285.8   299.9   318.8   352.8   752.5  2801.5  7648.2  23803.1    23787
read      283.4   397.0    63.8   107.0   118.0   235.8   296.3   332.4   358.2   387.3   423.3   482.5  1147.2  7325.8 10506.0  61886.5    61848
read      249.8   303.4    63.8   107.5   118.1   198.1   251.6   282.8   305.5   333.2   373.6   489.5  1240.8  2882.7 12043.6 102028.1   101968
read      213.4   134.4    59.1   106.6   116.8   186.8   233.8   262.6   282.6   305.3   333.1   373.8   506.5  1412.7  5122.1 108437.3   108767
read      214.4   148.7    63.8   105.1   114.8   186.8   236.6   266.0   285.6   307.6   334.7   375.2   528.3  1669.6  6097.6  97178.0    97139
read      255.7   230.6    68.9   122.6   137.8   223.7   268.7   294.9   315.0   339.7   373.2   432.4   626.2  3425.1  7628.9 158712.4   158594
read      222.3   185.7    63.8   112.3   124.3   196.1   236.8   262.5   280.7   302.5   330.2   372.3   493.7  3010.5  7341.8 141324.7   141240
read      261.9   276.1    63.8   109.4   121.1   235.3   283.5   309.9   328.5   349.6   375.6   418.7   780.7  4414.7  8418.1  41287.5    41405
read      278.9   394.9    59.1   107.0   118.0   236.4   293.4   326.4   349.7   376.2   407.9   459.5   937.3  7126.8 10109.2  57790.4    57997
read      286.8   355.7    63.8   114.5   128.1   216.9   268.6   298.0   320.0   347.5   390.2   508.4  1668.9  3753.0  9088.8 133619.1   133577
read      266.6   324.4    59.1   107.2   118.3   234.2   287.6   318.0   340.3   365.9   396.8   444.9   684.6  5802.4  9859.6  53913.7    53832
read      250.3   261.9    63.8   114.2   127.3   206.2   251.9   278.7   298.4   322.4   356.4   418.6  1418.3  3408.7  7918.8 139780.8   139832
read      273.7   203.4    63.8   131.7   149.1   245.1   293.9   323.5   346.5   375.6   416.4   482.3   646.5  2821.6  7950.3 170480.7   170515
read      223.9   200.7    59.1   110.2   121.1   192.7   235.9   263.0   282.2   304.9   334.4   381.1   586.3  3066.3  7685.6 128393.4   128494
read      234.8   170.9    63.8   111.9   126.2   222.6   252.2   268.3   279.7   293.5   313.3   345.9   711.3  2492.3  7219.5  20808.2    20789
read      283.2   391.7    63.8   106.9   117.9   235.6   296.8   333.7   359.6   388.9   425.2   485.6  1103.8  7338.5 10132.4  63698.9    63647
read      286.5   420.8    63.8   105.9   116.9   234.7   296.6   333.5   359.7   389.4   426.6   488.5  1282.5  7634.7 10420.0  64762.8    64802
read      280.2   390.7    59.1   105.9   117.0   236.2   292.1   325.1   348.6   375.3   408.8   464.2  1117.0  7155.7  9915.4  55784.8    55719
read      332.4   318.2    68.9   149.0   169.9   283.2   338.6   373.2   400.6   435.5   485.8   575.5  1458.0  3978.6  8485.5 174381.1   174179
read      218.6   149.8    63.8   107.0   117.4   191.0   237.8   266.1   285.8   308.5   337.5   384.9   612.6  1641.4  3599.0 106347.0   106356
read      301.5   211.9    63.8   148.3   168.5   273.7   325.4   357.0   380.6   409.4   449.1   512.9   698.7  2784.0  8028.0 178593.7   178750
read      233.2   219.1    59.1   108.3   118.8   194.9   244.2   273.1   293.9   318.2   350.9   413.8   841.9  2980.1  7751.1 105860.6   105831
read      222.1   185.7    63.8   107.4   117.9   190.8   237.2   265.6   285.3   308.3   337.2   383.6   681.2  2147.7  7050.6 110881.4   110667
read      207.1   161.3    59.1   106.0   122.5   196.2   216.1   227.5   235.0   246.5   261.4   288.5   596.1  2104.4  7483.6   8753.9     8803
read      270.6   332.7    63.8   107.9   119.4   234.1   285.4   314.0   334.3   357.3   385.9   432.5   970.7  5745.5  7933.5  45657.3    45662
read      263.5   275.6    63.8   111.2   124.2   233.5   276.3   299.3   316.2   336.8   363.9   408.2  1074.7  4035.8  7875.1  30717.9    30867
read      269.0   325.7    63.8   107.5   118.9   233.5   284.5   312.8   333.0   356.0   384.9   433.1   963.0  5734.9  7933.0  45651.0    45656
read      241.6   269.1    63.8   106.4   116.6   194.2   246.9   277.6   299.6   326.1   364.3   453.7  1033.5  3475.1  9785.7 100839.4   100938
read      234.5   257.4    63.8   110.1   121.4   195.7   240.0   267.2   286.8   310.0   339.9   390.5   869.7  3471.8  7910.6 132433.1   132360
read      260.9   228.0    63.8   106.0   116.6   227.5   287.5   322.4   348.8   378.8   415.6   472.3   769.3  3162.9  7637.2  67625.8    67591
read      249.5   229.8    63.8   109.9   122.0   229.6   271.7   294.1   310.3   329.0   353.1   392.3   553.0  3616.8  7680.5  33908.9    33910
read      252.0   169.1    63.8   109.1   119.9   213.2   275.6   314.4   344.1   381.8   431.6   507.6   689.2  1835.5  5098.1  85567.8    85729
read      224.2   221.2    63.8   110.3   125.9   207.2   229.2   241.5   251.0   262.9   277.3   306.6   835.3  2981.9  7933.6  12866.6    12884
read      281.4   318.4    59.1   109.6   121.5   242.3   295.7   326.9   349.0   374.5   406.8   464.7  1206.1  4707.9  8078.7  45620.6    45621
read      257.7   186.7    63.8   110.7   123.2   238.6   286.7   313.7   333.3   355.9   384.5   429.5   587.4  2841.2  5542.8  36915.4    36938
read      270.0   305.6    54.7   106.6   117.5   234.9   293.3   326.9   351.0   378.6   413.4   467.8   749.0  5357.2  8855.0  56965.4    56902
read      257.9   263.6    54.7   109.6   120.4   201.7   253.7   284.2   306.6   334.2   373.3   521.0  1378.5  2947.8  7667.7 102063.9   102243
read      235.0   236.8    59.1   111.9   127.7   217.4   243.3   258.3   269.2   282.5   299.7   334.5   744.9  3702.9  7873.3  14108.2    14085
read      270.6   319.4    63.8   109.6   120.6   207.7   264.4   297.3   322.7   357.1   413.6   568.5  1472.0  3907.6  9457.0  94127.0    94103
read      284.1   367.7    63.8   108.6   119.8   237.0   295.5   330.0   355.3   384.8   422.4   484.2  1313.3  5641.1  9643.0  58275.4    58175
read      249.5   211.0    63.8   120.6   135.2   218.2   261.4   286.8   305.9   329.2   361.5   418.6   720.0  3233.7  6665.9 151175.4   151312
read      216.4   116.6    59.1   105.7   115.3   193.3   246.1   274.0   292.8   313.8   339.8   379.4   501.6  1052.9  3096.6  83461.5    83333
read      251.4   160.1    63.8   128.2   143.9   230.3   272.9   298.0   317.1   340.5   371.6   423.0   545.4  1926.6  6344.5 165348.0   165153
read      222.4   168.1    63.8   110.1   120.9   193.8   237.1   264.2   283.5   306.3   335.4   380.6   574.3  2360.5  5300.1 124077.3   123975
read      252.7   209.8    63.8   111.5   124.6   234.6   274.5   296.6   313.2   332.3   356.7   394.9   604.5  2972.8  7692.9  28463.6    28449
read      234.1   180.4    63.8   111.9   127.3   221.3   248.5   263.5   273.6   287.5   305.2   336.4   749.9  2599.2  7286.0  14930.4    14903
read      266.7   269.0    59.1   112.2   125.6   241.3   286.0   310.5   327.9   347.5   373.1   415.9   847.4  4053.6  7970.2  31134.8    31189
read      260.4   194.3    63.8   111.3   123.6   243.6   293.1   321.4   341.8   364.7   392.5   433.3   540.2  3143.0  7160.2  40715.6    40636
read      273.6   159.0    59.1   111.6   123.7   230.5   306.4   357.8   395.4   437.3   488.1   559.7   721.9  1074.9  3544.1  80471.1    80574
read      275.8   155.2    68.9   136.2   153.8   250.8   297.7   326.3   347.8   375.2   413.2   474.9   640.0  1763.9  3974.7 168884.1   168820
read      227.1   103.3    63.8   122.7   137.1   212.0   249.7   271.8   288.6   308.4   334.1   373.5   467.1   788.7  2766.9 162551.5   162621
read      205.7    94.4    63.8   106.3   115.9   185.2   233.4   261.6   280.0   299.6   322.0   355.3   422.2   564.4  1847.2 101663.1   101621
read      214.3    85.0    59.1   109.5   119.6   210.1   253.7   272.3   284.7   297.6   314.5   338.8   390.0   495.1  2031.8  58536.3    58592
read      215.4    94.3    63.8   116.6   129.2   198.5   235.7   259.0   275.4   295.6   320.8   361.1   452.8   807.1  2130.0 152993.9   153042

Total QPS = 97032.7 (75685488 / 780.0s)

Total connections = 64
Misses = 0 (0.0%)
Skipped TXs = 0 (0.0%)

RX 18694316524 bytes :   22.9 MB/s
TX          0 bytes :    0.0 MB/s
Warning! Detected max cpu usage > 95%
CPU Usage Stats (avg/min/max): 99.85%,41.71%,100.00%