#type       avg     std     min      p5     p10     p50     p67     p75     p80     p85     p90     p95     p99    p999   p9999      QPS   target       ts_start         ts_end
read      270.5   143.5    93.8   163.1   178.0   254.5   288.3   307.4   320.3   338.0   361.7   407.0   550.4  2011.4  6045.9  30024.4    30000  1745399783027  1745399793178
read      273.7   142.8   101.3   165.0   180.0   257.0   290.5   309.6   322.8   340.1   364.0   409.2   568.7  2188.3  4450.6  29939.9    30005  1745399794690  1745399804812
read      265.0   110.4   101.3   163.3   178.4   254.0   285.2   302.4   315.0   330.4   349.9   388.0   515.6  1400.0  3894.3  29940.0    30010  1745399806322  1745399816423
read      273.4   113.8   101.3   166.7   182.0   260.5   294.6   313.8   327.7   343.9   367.2   406.9   540.3  1474.1  4235.4  29939.8    30015  1745399817935  1745399828036
read      266.2   126.9   101.3   165.2   180.2   253.8   285.0   302.4   315.1   330.5   349.4   384.8   517.9  1616.9  4749.1  29999.6    30020  1745399829546  1745399839645
read      265.6   128.2   109.4   164.4   179.3   252.3   282.7   299.8   313.0   328.3   347.3   383.9   517.0  2124.2  4249.4  30087.1    30025  1745399841157  1745399851260
read      266.0   116.9    93.8   161.9   176.9   253.3   285.9   304.5   317.6   334.4   356.3   395.4   521.3  1578.0  4258.7  30089.3    30030  1745399852771  1745399862871
read      274.6   144.0    93.8   166.4   181.7   259.9   292.9   311.6   324.8   341.3   364.5   404.3   550.3  2197.1  6010.8  30054.9    30035  1745399864385  1745399874484
read      269.6   113.8   101.3   164.6   179.4   257.3   289.7   308.1   320.6   337.4   359.8   399.7   540.6  1490.7  3936.0  30047.9    30040  1745399875997  1745399886098
read      270.7   126.2    93.8   161.2   176.6   257.9   291.9   311.2   324.8   341.7   365.1   403.6   537.5  1664.3  4344.6  30050.5    30045  1745399887610  1745399897708
read      266.6   105.6    93.8   163.4   178.5   255.7   287.9   306.3   319.0   335.2   355.6   391.8   508.6  1373.1  3541.9  29900.0    30050  1745399899220  1745399909330
read      271.2   132.5    93.8   164.1   179.4   258.3   291.3   310.0   322.9   339.2   361.0   399.1   534.4  1953.7  5290.8  30057.6    30055  1745399910842  1745399920944
read      267.7   141.2   101.3   162.8   177.7   255.5   287.4   305.1   317.5   333.6   354.0   390.6   513.6  2132.5  5878.4  30114.2    30060  1745399922457  1745399932562
read      272.4   126.2   101.3   166.4   181.8   260.7   293.0   311.2   323.8   340.3   362.8   401.4   531.7  1602.7  4476.8  30096.2    30065  1745399934075  1745399944181
read      269.4   124.2   101.3   164.6   179.7   256.9   289.5   307.6   319.7   336.3   357.7   394.9   527.3  1770.9  4800.2  29981.4    30070  1745399945692  1745399955793
read      265.3   125.3   101.3   162.9   177.4   254.6   286.1   303.6   316.2   331.8   351.1   386.0   500.2  1526.3  5073.0  30064.3    30075  1745399957307  1745399967411
read      266.3   127.4   101.3   163.4   177.9   254.8   286.2   303.6   316.1   331.7   351.3   387.9   510.2  1936.5  4842.6  30093.4    30080  1745399968922  1745399979024
read      265.4   109.4    93.8   163.4   178.4   255.7   287.0   304.2   316.5   332.0   351.5   387.2   501.4  1298.0  3867.0  30105.2    30085  1745399980536  1745399990639
read      270.6   132.3   101.3   163.6   179.0   258.1   290.2   308.5   320.9   337.9   360.0   398.2   540.2  1896.6  5531.5  30096.1    30090  1745399992151  1745400002251
read      274.5   139.4   101.3   164.5   180.0   261.0   294.7   313.6   327.3   343.6   367.0   407.4   551.1  1788.1  5645.1  30090.8    30095  1745400003763  1745400013862
read      273.1   119.0   101.3   165.7   181.6   261.7   293.8   312.4   325.5   341.8   364.5   402.9   538.0  1367.0  4859.1  30105.2    30100  1745400015374  1745400025473
read      274.8   114.5   101.3   168.2   183.9   263.7   296.5   315.1   328.7   344.1   367.0   404.5   541.1  1105.0  4622.1  30083.4    30105  1745400026985  1745400037084
read      270.1   107.0   101.3   164.6   179.9   259.4   291.5   309.5   321.7   338.5   360.5   398.0   530.2  1408.1  3291.1  30088.7    30110  1745400038596  1745400048697
read      269.5   170.4   101.3   162.9   178.0   256.8   288.9   306.8   319.2   335.5   356.2   392.9   524.6  2022.0  5083.5  30079.6    30115  1745400050209  1745400060309
read      269.2   118.6   101.3   162.0   177.2   258.0   290.9   309.8   323.1   340.2   362.9   400.5   525.7  1319.2  4542.5  30174.6    30120  1745400061821  1745400071930
