timestamp,datetime,core_0,core_1,core_2,core_3
1747123932.9303675,2025-05-13 08:12:12,10.60,79.60,17.30,12.10
1747123935.932736,2025-05-13 08:12:15,4.50,0.00,1.10,100.00
1747123938.9350495,2025-05-13 08:12:18,4.50,2.00,1.00,100.00
1747123941.938649,2025-05-13 08:12:21,23.80,100.00,100.00,100.00
1747123944.9422429,2025-05-13 08:12:24,49.20,100.00,100.00,100.00
1747123947.9486847,2025-05-13 08:12:27,45.00,100.00,100.00,100.00
1747123950.9537382,2025-05-13 08:12:30,44.10,100.00,100.00,100.00
1747123953.9595869,2025-05-13 08:12:33,100.00,100.00,100.00,100.00
1747123957.0127275,2025-05-13 08:12:37,68.80,71.40,100.00,100.00
1747123960.0171778,2025-05-13 08:12:40,67.10,72.70,100.00,100.00
1747123963.0212047,2025-05-13 08:12:43,83.30,89.80,100.00,100.00
1747123966.0252914,2025-05-13 08:12:46,84.70,92.30,100.00,100.00
1747123969.0309017,2025-05-13 08:12:49,87.50,93.30,100.00,100.00
1747123972.033903,2025-05-13 08:12:52,62.80,67.90,100.00,100.00
1747123975.037652,2025-05-13 08:12:55,37.30,39.70,100.00,100.00
1747123978.106299,2025-05-13 08:12:58,78.90,100.00,100.00,100.00
1747123981.1097424,2025-05-13 08:13:01,82.10,100.00,100.00,100.00
1747123984.1128488,2025-05-13 08:13:04,8.60,100.00,100.00,74.50
1747123987.1153798,2025-05-13 08:13:07,4.90,91.90,9.80,6.50
1747123990.1179957,2025-05-13 08:13:10,10.90,75.00,9.60,5.40
1747123993.3927174,2025-05-13 08:13:13,3.40,16.00,19.40,70.40
1747123996.3950467,2025-05-13 08:13:16,1.20,3.00,1.00,100.00
1747123999.3980203,2025-05-13 08:13:19,3.60,1.00,100.00,1.00
1747124002.4005368,2025-05-13 08:13:22,69.90,2.30,100.00,2.20
1747124005.4034097,2025-05-13 08:13:25,80.30,4.50,100.00,2.20
1747124008.4059649,2025-05-13 08:13:28,80.80,3.40,100.00,1.10
1747124011.4089205,2025-05-13 08:13:31,58.70,100.00,4.60,1.10
1747124014.4113424,2025-05-13 08:13:34,3.20,2.00,1.00,100.00
1747124017.4136622,2025-05-13 08:13:37,4.30,3.10,2.00,100.00
1747124020.4159608,2025-05-13 08:13:40,4.40,1.00,0.00,100.00
1747124023.4194434,2025-05-13 08:13:43,100.00,75.80,12.40,35.60
1747124026.4816568,2025-05-13 08:13:46,100.00,100.00,24.70,100.00
1747124029.485892,2025-05-13 08:13:49,99.00,100.00,26.10,100.00
1747124032.489959,2025-05-13 08:13:52,40.00,56.20,8.20,100.00
1747124035.5353081,2025-05-13 08:13:55,18.50,82.70,4.40,21.50
1747124038.5386808,2025-05-13 08:13:58,18.90,22.00,26.70,97.00
1747124041.5426328,2025-05-13 08:14:01,43.90,84.70,93.00,86.90
1747124044.5465732,2025-05-13 08:14:04,92.10,92.00,82.80,93.00
1747124047.6100183,2025-05-13 08:14:07,47.10,51.50,97.00,94.90
1747124050.66176,2025-05-13 08:14:10,94.50,94.10,80.20,92.20
1747124053.7214284,2025-05-13 08:14:13,77.50,85.10,97.00,96.00
1747124056.7266867,2025-05-13 08:14:16,77.20,85.90,98.00,93.90
1747124059.732553,2025-05-13 08:14:19,77.50,84.70,99.00,95.00
1747124062.735676,2025-05-13 08:14:22,52.20,58.80,97.00,94.90
1747124065.739322,2025-05-13 08:14:25,52.20,58.60,96.90,95.00
1747124068.742332,2025-05-13 08:14:28,53.60,60.60,96.00,96.00
1747124071.745746,2025-05-13 08:14:31,45.20,43.90,97.00,96.00
1747124074.7912977,2025-05-13 08:14:34,27.30,81.60,93.90,89.90
1747124077.795367,2025-05-13 08:14:37,27.30,84.80,94.00,86.70
1747124080.8003838,2025-05-13 08:14:40,31.00,82.80,93.90,89.00
1747124083.803999,2025-05-13 08:14:43,100.00,99.00,72.70,97.00
1747124086.8622973,2025-05-13 08:14:46,67.60,76.60,97.00,95.00
1747124089.8701253,2025-05-13 08:14:49,69.70,79.30,99.00,96.00
1747124092.873167,2025-05-13 08:14:52,21.00,10.10,93.90,96.00
1747124095.9241881,2025-05-13 08:14:55,20.40,79.40,95.90,88.80
1747124098.9283257,2025-05-13 08:14:58,18.50,83.80,92.90,87.00
1747124101.9308841,2025-05-13 08:15:01,15.70,85.60,93.90,86.10
1747124104.935508,2025-05-13 08:15:04,13.60,85.90,95.00,84.00
1747124107.9413435,2025-05-13 08:15:07,18.50,86.90,95.90,87.80
1747124110.943979,2025-05-13 08:15:10,9.60,86.00,93.00,83.80
1747124113.9517417,2025-05-13 08:15:13,17.90,85.90,93.90,84.70
1747124116.9549117,2025-05-13 08:15:16,16.70,84.50,91.00,85.00
1747124119.9577446,2025-05-13 08:15:19,10.50,86.00,92.00,87.80
1747124122.960913,2025-05-13 08:15:22,22.60,86.70,93.90,87.00
1747124125.9638145,2025-05-13 08:15:25,22.20,84.50,92.90,87.90
1747124128.9702845,2025-05-13 08:15:28,20.80,82.50,93.90,88.90
1747124131.9738255,2025-05-13 08:15:31,71.40,89.80,83.70,91.10
1747124134.9774492,2025-05-13 08:15:34,100.00,99.00,73.70,97.00
1747124138.0426483,2025-05-13 08:15:38,100.00,100.00,99.00,96.00
1747124141.0468457,2025-05-13 08:15:41,81.70,92.50,20.20,100.00
1747124144.0514338,2025-05-13 08:15:44,88.40,95.90,20.20,100.00
1747124147.0555315,2025-05-13 08:15:47,87.40,91.10,20.50,100.00
1747124150.3736558,2025-05-13 08:15:50,91.10,96.80,57.30,76.00
1747124153.377586,2025-05-13 08:15:53,63.40,66.20,99.00,100.00
1747124156.382074,2025-05-13 08:15:56,63.00,64.90,99.00,99.00
1747124159.3856776,2025-05-13 08:15:59,56.50,65.70,99.00,99.00
1747124162.3891861,2025-05-13 08:16:02,89.70,93.50,100.00,100.00
1747124165.3952894,2025-05-13 08:16:05,92.20,97.90,100.00,100.00
1747124168.3988225,2025-05-13 08:16:08,90.90,95.80,100.00,100.00
1747124176.1823084,2025-05-13 08:16:16,20.80,15.30,81.40,46.20
1747124179.2382011,2025-05-13 08:16:19,20.80,100.00,100.00,100.00
1747124182.2430527,2025-05-13 08:16:22,38.20,100.00,100.00,100.00
1747124185.2463133,2025-05-13 08:16:25,42.90,100.00,100.00,100.00
1747124188.2496984,2025-05-13 08:16:28,44.80,100.00,100.00,100.00
1747124191.254619,2025-05-13 08:16:31,44.80,100.00,100.00,100.00
1747124194.2575831,2025-05-13 08:16:34,15.80,100.00,100.00,100.00
1747124197.2613645,2025-05-13 08:16:37,17.50,100.00,100.00,100.00
1747124200.2650836,2025-05-13 08:16:40,16.10,100.00,99.00,100.00
1747124203.27116,2025-05-13 08:16:43,90.70,100.00,100.00,100.00
1747124206.3403947,2025-05-13 08:16:46,38.10,50.00,100.00,100.00
1747124209.3935065,2025-05-13 08:16:49,89.30,100.00,100.00,100.00
1747124212.396722,2025-05-13 08:16:52,99.00,100.00,93.90,100.00
1747124215.4563766,2025-05-13 08:16:55,89.30,100.00,100.00,100.00
1747124218.4606972,2025-05-13 08:16:58,87.20,94.60,100.00,100.00
1747124221.4644022,2025-05-13 08:17:01,85.70,96.90,100.00,100.00
1747124224.4675639,2025-05-13 08:17:04,51.50,60.60,100.00,100.00
1747124227.4705515,2025-05-13 08:17:07,52.80,57.70,100.00,100.00
1747124230.4740827,2025-05-13 08:17:10,53.60,58.30,100.00,100.00
1747124233.4767268,2025-05-13 08:17:13,12.70,5.40,100.00,100.00
1747124236.5187037,2025-05-13 08:17:16,12.80,100.00,100.00,100.00
1747124239.5213575,2025-05-13 08:17:19,14.00,100.00,100.00,100.00
1747124242.5256226,2025-05-13 08:17:22,36.40,100.00,100.00,100.00
1747124245.5298972,2025-05-13 08:17:25,38.20,100.00,100.00,100.00
1747124248.5340376,2025-05-13 08:17:28,41.40,100.00,100.00,100.00
1747124251.5376284,2025-05-13 08:17:31,32.70,100.00,100.00,100.00
1747124254.540646,2025-05-13 08:17:34,84.60,100.00,100.00,100.00
1747124257.544038,2025-05-13 08:17:37,82.50,100.00,100.00,100.00
1747124260.5521805,2025-05-13 08:17:40,85.00,100.00,99.00,100.00
1747124263.5553226,2025-05-13 08:17:43,11.70,100.00,100.00,100.00
1747124266.5586495,2025-05-13 08:17:46,10.60,100.00,100.00,100.00
1747124269.5617142,2025-05-13 08:17:49,11.80,100.00,100.00,100.00
1747124272.5653698,2025-05-13 08:17:52,5.20,100.00,100.00,100.00
1747124275.56928,2025-05-13 08:17:55,5.30,100.00,100.00,100.00
1747124278.572751,2025-05-13 08:17:58,19.30,100.00,100.00,100.00
1747124281.5773063,2025-05-13 08:18:01,16.50,100.00,100.00,100.00
1747124284.5825722,2025-05-13 08:18:04,100.00,100.00,100.00,100.00
1747124287.6499765,2025-05-13 08:18:07,61.80,68.10,100.00,100.00
1747124290.6541288,2025-05-13 08:18:10,57.70,69.40,100.00,100.00
1747124293.657568,2025-05-13 08:18:13,26.90,28.10,100.00,100.00
1747124296.7165835,2025-05-13 08:18:16,67.20,100.00,100.00,100.00
1747124299.7201014,2025-05-13 08:18:19,63.50,100.00,100.00,100.00
1747124302.7231452,2025-05-13 08:18:22,100.00,100.00,100.00,100.00
1747124305.7979121,2025-05-13 08:18:25,95.70,100.00,100.00,100.00
1747124308.8015344,2025-05-13 08:18:28,91.10,97.90,100.00,100.00
1747124311.8046174,2025-05-13 08:18:31,88.60,96.80,100.00,100.00
1747124314.8082907,2025-05-13 08:18:34,89.70,96.80,100.00,100.00
1747124317.8125808,2025-05-13 08:18:37,89.70,93.70,100.00,100.00
1747124320.8173332,2025-05-13 08:18:40,88.40,94.60,100.00,100.00
1747124323.8214362,2025-05-13 08:18:43,45.30,48.40,100.00,100.00
1747124326.888846,2025-05-13 08:18:46,92.20,100.00,100.00,100.00
1747124329.947182,2025-05-13 08:18:49,49.30,52.20,100.00,100.00
1747124333.0028656,2025-05-13 08:18:53,100.00,100.00,100.00,100.00
1747124336.0660427,2025-05-13 08:18:56,78.00,84.30,100.00,100.00
1747124339.0713062,2025-05-13 08:18:59,76.60,84.90,100.00,100.00
1747124342.0745215,2025-05-13 08:19:02,36.80,36.70,100.00,100.00
1747124345.1153631,2025-05-13 08:19:05,10.90,100.00,100.00,100.00
1747124348.1185527,2025-05-13 08:19:08,13.50,100.00,100.00,100.00
1747124351.1217957,2025-05-13 08:19:11,11.70,100.00,100.00,100.00
1747124354.1253958,2025-05-13 08:19:14,6.00,100.00,100.00,100.00
1747124357.128986,2025-05-13 08:19:17,8.60,100.00,100.00,100.00
1747124360.1331317,2025-05-13 08:19:20,6.10,100.00,100.00,100.00
1747124363.1368883,2025-05-13 08:19:23,86.90,100.00,100.00,100.00
1747124366.1409764,2025-05-13 08:19:26,86.30,100.00,100.00,100.00
1747124369.4705756,2025-05-13 08:19:29,79.20,33.30,25.80,74.50
1747124372.4747648,2025-05-13 08:19:32,90.70,100.00,100.00,100.00
1747124375.547752,2025-05-13 08:19:35,43.10,51.50,100.00,100.00
1747124378.601156,2025-05-13 08:19:38,89.40,98.00,75.00,72.60
1747124381.6046166,2025-05-13 08:19:41,95.60,100.00,100.00,100.00
1747124384.668272,2025-05-13 08:19:44,61.40,70.30,100.00,100.00
1747124387.6718383,2025-05-13 08:19:47,65.30,71.40,100.00,100.00
1747124390.6747906,2025-05-13 08:19:50,63.90,71.10,100.00,100.00
1747124393.6774833,2025-05-13 08:19:53,21.80,6.00,100.00,100.00
1747124396.7178233,2025-05-13 08:19:56,6.90,100.00,100.00,100.00
1747124399.7216277,2025-05-13 08:19:59,8.30,100.00,100.00,100.00
1747124402.724405,2025-05-13 08:20:02,94.50,100.00,100.00,100.00
1747124405.80367,2025-05-13 08:20:05,46.20,50.70,100.00,100.00
1747124408.861579,2025-05-13 08:20:08,93.10,100.00,100.00,100.00
1747124411.933357,2025-05-13 08:20:11,37.20,23.50,100.00,100.00
1747124414.9721346,2025-05-13 08:20:14,9.80,100.00,100.00,100.00
1747124417.9754784,2025-05-13 08:20:17,6.70,100.00,100.00,100.00
1747124420.9786952,2025-05-13 08:20:20,10.60,100.00,100.00,100.00
1747124423.983067,2025-05-13 08:20:23,8.50,100.00,100.00,100.00
1747124426.9870882,2025-05-13 08:20:26,7.10,100.00,100.00,100.00
1747124429.9899993,2025-05-13 08:20:29,10.20,100.00,100.00,100.00
1747124432.994936,2025-05-13 08:20:32,96.80,100.00,100.00,100.00
1747124436.0569975,2025-05-13 08:20:36,46.20,50.80,100.00,100.00
1747124439.110552,2025-05-13 08:20:39,95.60,100.00,100.00,100.00
1747124442.1700687,2025-05-13 08:20:42,28.10,17.10,100.00,100.00
1747124445.2142801,2025-05-13 08:20:45,10.10,100.00,100.00,100.00
1747124448.2176683,2025-05-13 08:20:48,10.10,100.00,100.00,100.00
1747124451.2213576,2025-05-13 08:20:51,8.70,100.00,100.00,100.00
1747124454.2256913,2025-05-13 08:20:54,7.90,100.00,100.00,100.00
1747124457.2287133,2025-05-13 08:20:57,7.90,100.00,100.00,100.00
1747124460.2330234,2025-05-13 08:21:00,7.80,100.00,100.00,100.00
1747124463.2358797,2025-05-13 08:21:03,10.90,100.00,100.00,100.00
1747124466.2392437,2025-05-13 08:21:06,10.90,100.00,100.00,100.00
1747124469.2418833,2025-05-13 08:21:09,11.80,100.00,100.00,100.00
1747124472.2450962,2025-05-13 08:21:12,9.00,100.00,100.00,100.00
1747124475.24906,2025-05-13 08:21:15,13.10,100.00,100.00,100.00
1747124478.2533038,2025-05-13 08:21:18,11.70,100.00,100.00,100.00
1747124481.2592745,2025-05-13 08:21:21,14.80,100.00,100.00,100.00
1747124484.2629771,2025-05-13 08:21:24,7.70,100.00,100.00,100.00
1747124487.2671049,2025-05-13 08:21:27,9.10,100.00,100.00,100.00
1747124490.2719262,2025-05-13 08:21:30,6.30,100.00,100.00,100.00
1747124493.2761636,2025-05-13 08:21:33,93.30,100.00,100.00,100.00
1747124496.3476815,2025-05-13 08:21:36,40.60,50.00,100.00,100.00
1747124499.403436,2025-05-13 08:21:39,94.30,100.00,100.00,100.00
1747124502.4736817,2025-05-13 08:21:42,17.80,2.20,100.00,100.00
1747124505.5122085,2025-05-13 08:21:45,11.50,100.00,100.00,100.00
1747124508.514975,2025-05-13 08:21:48,12.60,100.00,100.00,100.00
1747124511.5181704,2025-05-13 08:21:51,11.70,100.00,100.00,100.00
1747124514.5219371,2025-05-13 08:21:54,5.20,100.00,100.00,100.00
1747124517.5256557,2025-05-13 08:21:57,3.90,100.00,100.00,100.00
1747124520.5291755,2025-05-13 08:22:00,5.10,100.00,100.00,100.00
1747124523.5321982,2025-05-13 08:22:03,14.80,100.00,100.00,100.00
1747124526.5351663,2025-05-13 08:22:06,9.60,100.00,100.00,100.00
1747124529.538032,2025-05-13 08:22:09,14.50,100.00,100.00,100.00
1747124532.5410283,2025-05-13 08:22:12,1.60,100.00,100.00,100.00
1747124535.5447822,2025-05-13 08:22:15,6.10,100.00,100.00,100.00
1747124538.5485682,2025-05-13 08:22:18,6.10,100.00,100.00,100.00
1747124541.5534134,2025-05-13 08:22:21,13.40,100.00,100.00,100.00
1747124544.5575402,2025-05-13 08:22:24,100.00,100.00,100.00,100.00
1747124547.6195235,2025-05-13 08:22:27,63.80,69.40,100.00,100.00
1747124550.6231287,2025-05-13 08:22:30,63.40,68.50,100.00,100.00
1747124553.6259778,2025-05-13 08:22:33,21.80,6.80,100.00,100.00
1747124556.6679378,2025-05-13 08:22:36,5.30,100.00,100.00,100.00
1747124559.6709526,2025-05-13 08:22:39,8.50,100.00,100.00,100.00
1747124562.6759012,2025-05-13 08:22:42,68.80,100.00,100.00,100.00
1747124565.6800487,2025-05-13 08:22:45,69.20,100.00,100.00,100.00
1747124568.6862698,2025-05-13 08:22:48,70.80,100.00,100.00,100.00
1747124571.6906285,2025-05-13 08:22:51,79.50,100.00,100.00,100.00
1747124574.6940918,2025-05-13 08:22:54,100.00,100.00,100.00,100.00
1747124577.7602873,2025-05-13 08:22:57,100.00,100.00,100.00,100.00
1747124580.7656155,2025-05-13 08:23:00,100.00,100.00,100.00,100.00
1747124583.7686665,2025-05-13 08:23:03,15.20,10.30,53.60,52.60
1747124586.993334,2025-05-13 08:23:06,2.50,83.80,80.00,72.00
1747124589.9960542,2025-05-13 08:23:09,3.70,100.00,100.00,100.00
1747124592.9996634,2025-05-13 08:23:12,15.50,100.00,100.00,100.00
1747124596.0025725,2025-05-13 08:23:16,12.50,100.00,100.00,100.00
1747124599.0057118,2025-05-13 08:23:19,18.20,98.00,62.20,97.00
1747124602.01269,2025-05-13 08:23:22,71.60,93.90,80.40,100.00
1747124605.0186155,2025-05-13 08:23:25,100.00,100.00,85.90,94.90
1747124608.3087687,2025-05-13 08:23:28,56.70,53.70,80.40,36.60
1747124611.3119662,2025-05-13 08:23:31,56.10,65.20,100.00,100.00
1747124614.3150373,2025-05-13 08:23:34,29.70,19.40,100.00,100.00
1747124617.3642511,2025-05-13 08:23:37,54.40,100.00,100.00,100.00
1747124620.3687973,2025-05-13 08:23:40,62.30,100.00,100.00,100.00
1747124623.372258,2025-05-13 08:23:43,100.00,100.00,100.00,100.00
1747124627.033171,2025-05-13 08:23:47,99.00,100.00,100.00,100.00
1747124630.039334,2025-05-13 08:23:50,89.50,97.90,100.00,100.00
1747124633.0427573,2025-05-13 08:23:53,29.50,18.50,100.00,100.00
1747124636.0902722,2025-05-13 08:23:56,43.60,100.00,100.00,100.00
1747124639.094348,2025-05-13 08:23:59,46.40,100.00,100.00,100.00
1747124642.0989673,2025-05-13 08:24:02,14.80,100.00,100.00,100.00
1747124645.102686,2025-05-13 08:24:05,7.20,100.00,100.00,100.00
1747124648.1056414,2025-05-13 08:24:08,4.30,100.00,100.00,100.00
1747124651.1093392,2025-05-13 08:24:11,4.50,100.00,100.00,100.00
1747124654.1125927,2025-05-13 08:24:14,100.00,100.00,100.00,100.00
1747124657.1744893,2025-05-13 08:24:17,55.20,66.20,100.00,100.00
1747124660.177949,2025-05-13 08:24:20,55.20,66.70,100.00,100.00
1747125850.8709776,2025-05-13 08:44:10,21.60,21.30,63.30,21.30
1747125852.3737833,2025-05-13 08:44:12,2.40,78.40,2.00,22.40
1747125853.8761623,2025-05-13 08:44:13,4.70,100.00,4.10,0.00
1747125855.3790057,2025-05-13 08:44:15,4.80,100.00,0.00,0.00
1747125856.8814316,2025-05-13 08:44:16,6.80,100.00,2.10,4.00
1747125858.3838158,2025-05-13 08:44:18,6.70,100.00,0.00,0.00
1747125859.8869195,2025-05-13 08:44:19,14.90,100.00,100.00,100.00
1747125861.3899975,2025-05-13 08:44:21,6.70,100.00,100.00,100.00
1747125862.8931732,2025-05-13 08:44:22,13.30,100.00,100.00,100.00
1747125864.395777,2025-05-13 08:44:24,7.00,100.00,100.00,100.00
1747125865.8995655,2025-05-13 08:44:25,9.10,100.00,100.00,100.00
1747125867.4026873,2025-05-13 08:44:27,10.60,100.00,100.00,100.00
1747125868.9058974,2025-05-13 08:44:28,8.90,100.00,100.00,100.00
1747125870.4119415,2025-05-13 08:44:30,100.00,100.00,100.00,100.00
1747125871.9351153,2025-05-13 08:44:31,100.00,100.00,100.00,100.00
1747125873.4955788,2025-05-13 08:44:33,88.90,88.40,100.00,100.00
1747125874.998709,2025-05-13 08:44:34,85.00,79.50,100.00,100.00
1747125876.5035596,2025-05-13 08:44:36,85.70,85.40,100.00,100.00
1747125878.006709,2025-05-13 08:44:38,81.00,83.30,100.00,100.00
1747125879.5103834,2025-05-13 08:44:39,82.90,83.30,100.00,100.00
1747125881.0130947,2025-05-13 08:44:41,10.20,0.00,100.00,100.00
1747125882.5400484,2025-05-13 08:44:42,6.50,100.00,100.00,100.00
1747125884.0593243,2025-05-13 08:44:44,6.50,100.00,100.00,100.00
1747125885.5623257,2025-05-13 08:44:45,12.20,100.00,100.00,100.00
1747125887.0656185,2025-05-13 08:44:47,14.60,100.00,100.00,100.00
1747125888.568706,2025-05-13 08:44:48,8.50,100.00,100.00,100.00
1747125890.0719311,2025-05-13 08:44:50,45.80,100.00,100.00,100.00
1747125891.5789802,2025-05-13 08:44:51,95.70,100.00,100.00,100.00
1747125893.1002693,2025-05-13 08:44:53,95.70,100.00,100.00,100.00
1747125894.6453462,2025-05-13 08:44:54,48.50,51.40,100.00,100.00
1747125896.1766741,2025-05-13 08:44:56,65.70,67.60,90.00,72.90
1747125897.682817,2025-05-13 08:44:57,68.40,70.00,7.10,70.20
1747125899.1862679,2025-05-13 08:44:59,51.40,58.30,4.90,100.00
1747125900.712298,2025-05-13 08:45:00,100.00,4.80,7.00,100.00
1747125902.2369645,2025-05-13 08:45:02,73.70,74.40,9.80,100.00
1747125903.7407296,2025-05-13 08:45:03,74.40,73.00,9.50,100.00
1747125906.6050968,2025-05-13 08:45:06,77.50,78.00,63.00,49.00
1747125908.1085744,2025-05-13 08:45:08,79.50,65.80,100.00,8.90
1747125909.6117702,2025-05-13 08:45:09,82.50,66.70,100.00,6.80
1747125911.1144729,2025-05-13 08:45:11,24.30,13.90,100.00,4.30
1747125912.6324358,2025-05-13 08:45:12,44.00,4.30,100.00,0.00
1747125914.1352851,2025-05-13 08:45:14,48.10,8.50,100.00,2.20
1747125915.6379032,2025-05-13 08:45:15,42.30,4.30,100.00,0.00
1747125917.1407907,2025-05-13 08:45:17,46.40,2.30,100.00,0.00
1747125918.6432884,2025-05-13 08:45:18,38.50,2.20,100.00,0.00
1747125920.1457238,2025-05-13 08:45:20,48.10,4.40,100.00,4.30
1747125921.6481872,2025-05-13 08:45:21,50.00,2.20,100.00,0.00
1747125923.151146,2025-05-13 08:45:23,26.90,100.00,2.30,2.20
1747125924.6541016,2025-05-13 08:45:24,26.90,2.30,2.30,100.00
1747125926.1571457,2025-05-13 08:45:26,33.30,4.40,2.30,100.00
1747125927.660322,2025-05-13 08:45:27,32.10,6.50,0.00,100.00
1747125929.1632102,2025-05-13 08:45:29,30.80,6.50,0.00,100.00
1747125930.6661835,2025-05-13 08:45:30,10.00,4.30,2.20,100.00
1747125932.169003,2025-05-13 08:45:32,10.00,4.30,2.20,100.00
1747125933.671954,2025-05-13 08:45:33,7.10,6.20,2.20,100.00
1747125935.174765,2025-05-13 08:45:35,13.30,4.30,2.20,100.00
1747125936.677689,2025-05-13 08:45:36,10.30,100.00,6.40,0.00
1747125938.18034,2025-05-13 08:45:38,7.40,100.00,6.40,0.00
1747125939.6835868,2025-05-13 08:45:39,10.70,100.00,8.70,6.40
1747125941.186551,2025-05-13 08:45:41,93.50,76.60,13.60,44.00
1747125942.7099228,2025-05-13 08:45:42,74.40,82.20,9.10,53.20
1747125944.2130015,2025-05-13 08:45:44,51.40,57.10,4.90,100.00
1747125945.7375638,2025-05-13 08:45:45,93.30,7.00,11.40,100.00
1747125947.261197,2025-05-13 08:45:47,64.90,72.20,4.90,77.60
1747125948.7647266,2025-05-13 08:45:48,43.70,53.10,11.90,100.00
1747125950.2955408,2025-05-13 08:45:50,21.60,4.30,6.50,100.00
1747125951.7982671,2025-05-13 08:45:51,0.00,4.20,2.20,100.00
1747125953.3009472,2025-05-13 08:45:53,2.80,100.00,10.00,0.00
1747125954.803585,2025-05-13 08:45:54,3.00,69.40,85.70,90.20
1747125956.3071172,2025-05-13 08:45:56,8.80,84.00,92.00,86.00
1747125957.809823,2025-05-13 08:45:57,9.10,88.00,95.90,84.00
1747125959.3123648,2025-05-13 08:45:59,3.10,85.70,92.00,86.00
1747125960.816095,2025-05-13 08:46:00,3.40,84.00,88.00,84.00
1747125962.3191392,2025-05-13 08:46:02,3.60,89.80,93.90,84.00
1747125963.823156,2025-05-13 08:46:03,6.70,85.70,94.00,87.80
1747125965.3262112,2025-05-13 08:46:05,10.00,85.70,91.80,84.00
1747125966.8298204,2025-05-13 08:46:06,12.50,87.80,94.00,84.00
1747125968.3341858,2025-05-13 08:46:08,6.90,85.70,90.00,86.00
1747125969.8370597,2025-05-13 08:46:09,6.70,88.00,98.00,86.00
1747125971.3400843,2025-05-13 08:46:11,100.00,98.00,68.70,98.00
1747125972.8661158,2025-05-13 08:46:12,93.30,100.00,92.00,92.00
1747125974.415561,2025-05-13 08:46:14,78.90,80.00,98.00,98.00
1747125975.918617,2025-05-13 08:46:15,79.50,75.00,96.00,92.00
1747125977.425088,2025-05-13 08:46:17,80.00,74.40,98.00,98.00
1747125978.9276989,2025-05-13 08:46:18,79.50,76.30,98.00,98.00
1747125980.4308643,2025-05-13 08:46:20,36.10,31.20,91.80,93.90
1747125981.9616961,2025-05-13 08:46:21,56.70,91.70,93.90,88.00
1747125983.485857,2025-05-13 08:46:23,66.70,83.30,93.90,88.00
1747125984.9895196,2025-05-13 08:46:24,65.60,86.30,92.00,90.00
1747125986.4956768,2025-05-13 08:46:26,58.60,87.80,86.00,92.20
1747125987.9987535,2025-05-13 08:46:27,61.30,88.00,82.00,93.90
1747125989.503236,2025-05-13 08:46:29,64.50,85.70,92.20,89.80
1747125991.0075293,2025-05-13 08:46:31,53.30,83.70,92.00,89.60
1747125992.516827,2025-05-13 08:46:32,46.40,81.60,94.10,93.90
1747125994.0203917,2025-05-13 08:46:34,48.10,90.00,89.60,86.00
1747125995.524957,2025-05-13 08:46:35,56.20,85.70,92.20,89.80
1747125997.0284672,2025-05-13 08:46:37,59.40,83.70,93.70,89.80
1747125998.532951,2025-05-13 08:46:38,50.00,88.00,90.20,90.00
1747126000.0395927,2025-05-13 08:46:40,71.40,87.80,88.00,93.90
1747126001.5430784,2025-05-13 08:46:41,100.00,98.00,69.40,98.00
1747126003.0681794,2025-05-13 08:46:43,95.70,100.00,86.30,95.90
1747126004.6151876,2025-05-13 08:46:44,80.00,76.30,98.00,96.00
1747126006.1196067,2025-05-13 08:46:46,79.50,78.90,100.00,95.90
1747126007.6263204,2025-05-13 08:46:47,82.10,82.90,98.00,98.00
1747126009.1306503,2025-05-13 08:46:49,80.00,81.60,98.00,94.00
1747126010.6335666,2025-05-13 08:46:50,23.80,13.90,93.80,98.00
1747126012.1651812,2025-05-13 08:46:52,13.80,85.70,94.00,88.20
1747126013.6859672,2025-05-13 08:46:53,11.50,87.20,96.10,86.00
1747126015.189715,2025-05-13 08:46:55,14.30,86.00,89.80,90.00
1747126016.6939487,2025-05-13 08:46:56,7.70,84.00,94.20,84.30
1747126018.1979568,2025-05-13 08:46:58,17.90,85.70,90.00,85.70
1747126019.7006648,2025-05-13 08:46:59,14.80,85.40,93.90,85.70
1747126021.2053323,2025-05-13 08:47:01,95.80,95.90,76.50,96.00
1747126022.7305331,2025-05-13 08:47:02,95.70,98.00,75.50,96.00
1747126024.271536,2025-05-13 08:47:04,51.50,52.90,95.90,94.00
1747126025.8165715,2025-05-13 08:47:05,93.30,98.00,77.60,93.90
1747126027.3561013,2025-05-13 08:47:07,54.50,48.40,95.90,95.90
1747126028.891569,2025-05-13 08:47:08,95.60,100.00,73.50,98.00
1747126030.4315894,2025-05-13 08:47:10,22.90,9.50,96.00,94.10
1747126031.957104,2025-05-13 08:47:11,17.10,83.30,94.10,89.80
1747126033.4781098,2025-05-13 08:47:13,5.90,84.00,89.80,86.00
1747126034.9820924,2025-05-13 08:47:14,5.70,81.60,92.00,90.20
1747126036.485262,2025-05-13 08:47:16,5.70,86.00,89.80,89.80
1747126037.9898248,2025-05-13 08:47:17,2.90,85.70,92.30,85.70
1747126039.4927778,2025-05-13 08:47:19,5.90,82.00,89.80,87.80
1747126040.9979718,2025-05-13 08:47:20,100.00,98.00,72.90,96.00
1747126042.5170126,2025-05-13 08:47:22,100.00,100.00,95.90,93.90
1747126044.062714,2025-05-13 08:47:24,100.00,100.00,98.00,98.00
1747126045.5685666,2025-05-13 08:47:25,98.00,98.00,98.00,98.00
1747126047.0741487,2025-05-13 08:47:27,95.70,95.70,98.00,96.00
1747126048.5786307,2025-05-13 08:47:28,100.00,100.00,100.00,98.00
1747126050.0839353,2025-05-13 08:47:30,100.00,98.00,98.00,95.90
1747126051.5879483,2025-05-13 08:47:31,98.10,100.00,98.00,98.00
1747126053.0927715,2025-05-13 08:47:33,100.00,100.00,100.00,94.00
1747126054.5994234,2025-05-13 08:47:34,100.00,100.00,100.00,94.00
1747126056.1031673,2025-05-13 08:47:36,98.00,93.20,100.00,9.30
1747126057.606688,2025-05-13 08:47:37,97.90,88.40,100.00,4.80
1747126059.1098793,2025-05-13 08:47:39,96.10,88.60,100.00,7.00
1747126060.6134377,2025-05-13 08:47:40,95.80,90.70,100.00,13.60
1747126062.1170754,2025-05-13 08:47:42,97.90,88.10,100.00,7.00
1747126063.6208022,2025-05-13 08:47:43,95.80,91.30,100.00,7.00
1747126065.1246245,2025-05-13 08:47:45,95.70,88.40,100.00,9.30
1747126066.628099,2025-05-13 08:47:46,90.70,85.00,100.00,2.40
1747126068.4475465,2025-05-13 08:47:48,95.80,93.20,68.00,63.30
1747126069.951214,2025-05-13 08:47:49,96.00,85.70,100.00,17.40
1747126071.4547935,2025-05-13 08:47:51,62.90,60.00,98.00,100.00
1747126072.9577506,2025-05-13 08:47:52,53.10,53.10,95.90,98.10
1747126074.4996743,2025-05-13 08:47:54,83.30,98.00,86.30,96.10
1747126076.0039241,2025-05-13 08:47:56,100.00,100.00,100.00,100.00
1747126077.5445752,2025-05-13 08:47:57,55.90,55.90,100.00,100.00
1747126079.075949,2025-05-13 08:47:59,98.00,100.00,100.00,100.00
1747126080.6219,2025-05-13 08:48:00,19.00,11.10,100.00,100.00
1747126082.7487075,2025-05-13 08:48:02,15.20,100.00,100.00,100.00
1747126092.0523398,2025-05-13 08:48:12,95.70,45.80,34.80,55.10
1747126093.577323,2025-05-13 08:48:13,96.00,100.00,100.00,100.00
1747126095.1206706,2025-05-13 08:48:15,54.50,54.50,100.00,100.00
1747126096.6577716,2025-05-13 08:48:16,95.70,100.00,100.00,100.00
1747126098.195499,2025-05-13 08:48:18,54.30,51.50,100.00,100.00
1747126099.7335443,2025-05-13 08:48:19,97.90,100.00,100.00,100.00
1747126101.2864935,2025-05-13 08:48:21,73.00,73.70,100.00,100.00
1747126102.7902744,2025-05-13 08:48:22,72.50,71.40,100.00,100.00
1747126104.2951076,2025-05-13 08:48:24,70.30,68.60,100.00,100.00
1747126105.7985988,2025-05-13 08:48:25,67.60,69.40,100.00,100.00
1747126107.3018486,2025-05-13 08:48:27,64.90,66.70,100.00,100.00
1747126108.8052368,2025-05-13 08:48:28,72.50,64.70,100.00,100.00
1747126110.3092651,2025-05-13 08:48:30,76.90,71.10,100.00,100.00
1747126111.8143222,2025-05-13 08:48:31,67.60,65.70,100.00,100.00
1747126113.31833,2025-05-13 08:48:33,73.00,70.30,100.00,100.00
1747126114.822092,2025-05-13 08:48:34,71.10,70.30,100.00,100.00
1747126116.3260477,2025-05-13 08:48:36,73.00,68.60,100.00,100.00
1747126117.8319619,2025-05-13 08:48:37,66.70,67.60,100.00,100.00
1747126119.3351922,2025-05-13 08:48:39,73.00,71.40,100.00,100.00
1747126120.8396347,2025-05-13 08:48:40,97.80,93.50,100.00,100.00
1747126122.344093,2025-05-13 08:48:42,90.20,88.40,100.00,100.00
1747126123.8477623,2025-05-13 08:48:43,90.90,88.60,100.00,100.00
1747126125.3521628,2025-05-13 08:48:45,90.90,84.60,100.00,100.00
1747126126.85747,2025-05-13 08:48:46,88.40,83.70,100.00,100.00
1747126128.3630333,2025-05-13 08:48:48,88.40,87.80,100.00,100.00
1747126129.8671627,2025-05-13 08:48:49,88.90,85.70,100.00,100.00
1747126131.3705375,2025-05-13 08:48:51,30.60,23.50,100.00,100.00
1747126132.905732,2025-05-13 08:48:52,24.20,100.00,100.00,100.00
1747126134.4345632,2025-05-13 08:48:54,44.40,100.00,100.00,100.00
1747126135.9373028,2025-05-13 08:48:55,50.00,100.00,100.00,100.00
1747126137.4406302,2025-05-13 08:48:57,53.30,100.00,100.00,100.00
1747126138.944594,2025-05-13 08:48:58,51.60,100.00,100.00,100.00
1747126140.4479506,2025-05-13 08:49:00,100.00,100.00,100.00,100.00
1747126141.9747515,2025-05-13 08:49:01,93.20,100.00,100.00,100.00
1747126143.5293272,2025-05-13 08:49:03,83.30,78.40,100.00,100.00
1747126145.0350826,2025-05-13 08:49:05,81.00,80.00,100.00,100.00
1747126146.5386252,2025-05-13 08:49:06,81.00,85.00,100.00,100.00
1747126148.0417159,2025-05-13 08:49:08,78.90,76.90,100.00,100.00
1747126149.5461855,2025-05-13 08:49:09,82.90,85.70,100.00,100.00
1747126151.048971,2025-05-13 08:49:11,27.80,18.70,100.00,100.00
1747126152.5858355,2025-05-13 08:49:12,39.30,100.00,100.00,100.00
1747126154.113717,2025-05-13 08:49:14,53.30,100.00,100.00,100.00
1747126155.618206,2025-05-13 08:49:15,54.80,100.00,100.00,100.00
1747126157.1229773,2025-05-13 08:49:17,51.70,100.00,100.00,100.00
1747126158.6258965,2025-05-13 08:49:18,46.40,100.00,100.00,100.00
1747126160.1301317,2025-05-13 08:49:20,25.70,100.00,100.00,100.00
1747126161.6341765,2025-05-13 08:49:21,7.70,100.00,100.00,100.00
1747126163.1379576,2025-05-13 08:49:23,10.30,100.00,100.00,100.00
1747126164.6420872,2025-05-13 08:49:24,7.90,100.00,100.00,100.00
1747126166.1450036,2025-05-13 08:49:26,10.00,100.00,100.00,100.00
1747126167.649156,2025-05-13 08:49:27,5.40,100.00,100.00,100.00
1747126169.153124,2025-05-13 08:49:29,13.20,100.00,100.00,100.00
1747126170.6567097,2025-05-13 08:49:30,100.00,100.00,100.00,100.00
1747126172.1827948,2025-05-13 08:49:32,100.00,100.00,100.00,100.00
1747126173.7439117,2025-05-13 08:49:33,98.00,100.00,100.00,100.00
1747126175.2472444,2025-05-13 08:49:35,100.00,100.00,100.00,100.00
1747126176.7509458,2025-05-13 08:49:36,100.00,100.00,100.00,100.00
1747126178.2575593,2025-05-13 08:49:38,100.00,100.00,100.00,100.00
1747126179.764459,2025-05-13 08:49:39,100.00,100.00,100.00,100.00
1747126181.2677598,2025-05-13 08:49:41,59.00,81.00,100.00,100.00
1747126182.8028219,2025-05-13 08:49:42,38.70,100.00,100.00,100.00
1747126184.3264909,2025-05-13 08:49:44,29.60,100.00,100.00,100.00
1747126185.829518,2025-05-13 08:49:45,32.10,100.00,100.00,100.00
1747126187.3325198,2025-05-13 08:49:47,26.90,100.00,100.00,100.00
1747126188.8355405,2025-05-13 08:49:48,29.60,100.00,100.00,100.00
1747126190.339204,2025-05-13 08:49:50,35.70,100.00,100.00,100.00
1747126191.8432536,2025-05-13 08:49:51,34.50,100.00,100.00,100.00
1747126193.346272,2025-05-13 08:49:53,28.00,100.00,100.00,100.00
1747126194.850769,2025-05-13 08:49:54,29.60,100.00,100.00,100.00
1747126196.3560534,2025-05-13 08:49:56,29.60,100.00,100.00,100.00
1747126197.8597488,2025-05-13 08:49:57,30.80,100.00,98.00,100.00
1747126199.3627894,2025-05-13 08:49:59,29.60,100.00,100.00,100.00
1747126200.8685637,2025-05-13 08:50:00,100.00,100.00,82.00,100.00
1747126202.3984334,2025-05-13 08:50:02,100.00,100.00,100.00,100.00
1747126203.949049,2025-05-13 08:50:03,93.80,95.70,100.00,100.00
1747126205.456179,2025-05-13 08:50:05,88.90,91.10,100.00,100.00
1747126206.9606094,2025-05-13 08:50:06,91.10,93.00,100.00,100.00
1747126208.4670777,2025-05-13 08:50:08,88.90,88.40,100.00,100.00
1747126209.9710925,2025-05-13 08:50:09,88.90,88.10,100.00,100.00
1747126211.477192,2025-05-13 08:50:11,86.40,85.00,100.00,100.00
1747126212.9812906,2025-05-13 08:50:12,85.40,84.60,100.00,100.00
1747126214.486339,2025-05-13 08:50:14,82.90,82.50,100.00,100.00
1747126215.9908447,2025-05-13 08:50:15,83.70,83.30,100.00,100.00
1747126217.4950433,2025-05-13 08:50:17,83.30,82.90,100.00,100.00
1747126218.9984303,2025-05-13 08:50:18,84.10,80.00,100.00,100.00
1747126220.501671,2025-05-13 08:50:20,29.40,25.00,100.00,100.00
1747126222.0317123,2025-05-13 08:50:22,61.30,100.00,100.00,100.00
1747126223.536746,2025-05-13 08:50:23,53.30,100.00,100.00,100.00
1747126225.0643451,2025-05-13 08:50:25,64.50,100.00,100.00,100.00
1747126226.56856,2025-05-13 08:50:26,58.60,100.00,100.00,100.00
1747126228.0717292,2025-05-13 08:50:28,62.50,100.00,100.00,100.00
1747126229.5745037,2025-05-13 08:50:29,60.70,100.00,100.00,100.00
1747126231.077696,2025-05-13 08:50:31,92.50,100.00,100.00,100.00
1747126232.6034756,2025-05-13 08:50:32,90.20,100.00,100.00,100.00
1747126234.149719,2025-05-13 08:50:34,45.50,41.90,100.00,100.00
1747126235.6826546,2025-05-13 08:50:35,90.50,100.00,100.00,100.00
1747126237.2140055,2025-05-13 08:50:37,47.10,38.70,100.00,100.00
1747126238.7481139,2025-05-13 08:50:38,73.70,100.00,100.00,100.00
1747126240.2525477,2025-05-13 08:50:40,93.30,100.00,100.00,100.00
1747126241.80773,2025-05-13 08:50:41,82.50,79.50,100.00,100.00
1747126243.3108146,2025-05-13 08:50:43,76.30,78.90,100.00,100.00
1747126244.814164,2025-05-13 08:50:44,76.90,79.50,100.00,100.00
1747126246.3183734,2025-05-13 08:50:46,79.50,78.00,100.00,100.00
1747126247.8220701,2025-05-13 08:50:47,75.00,79.50,100.00,100.00
1747126249.3267736,2025-05-13 08:50:49,81.00,82.10,100.00,100.00
1747126250.8311877,2025-05-13 08:50:50,75.00,75.00,100.00,100.00
1747126252.336957,2025-05-13 08:50:52,72.20,71.10,100.00,100.00
1747126253.84026,2025-05-13 08:50:53,74.40,72.20,100.00,100.00
1747126255.3437035,2025-05-13 08:50:55,73.70,75.00,100.00,100.00
1747126256.8505118,2025-05-13 08:50:56,73.00,69.40,100.00,100.00
1747126258.353989,2025-05-13 08:50:58,73.00,74.40,100.00,100.00
1747126259.8581731,2025-05-13 08:50:59,73.70,77.50,100.00,100.00
1747126261.3616383,2025-05-13 08:51:01,100.00,100.00,100.00,100.00
1747126262.8651085,2025-05-13 08:51:02,100.00,100.00,100.00,100.00
1747126264.3702023,2025-05-13 08:51:04,100.00,97.90,100.00,100.00
1747126265.8746047,2025-05-13 08:51:05,100.00,97.90,100.00,100.00
1747126267.3778048,2025-05-13 08:51:07,100.00,100.00,100.00,100.00
1747126268.8812933,2025-05-13 08:51:08,95.80,100.00,100.00,100.00
1747126270.3844562,2025-05-13 08:51:10,78.90,88.60,100.00,100.00
1747126271.88825,2025-05-13 08:51:11,63.20,64.90,100.00,100.00
1747126273.394346,2025-05-13 08:51:13,67.60,62.20,100.00,100.00
1747126274.8984878,2025-05-13 08:51:14,64.70,60.60,100.00,100.00
1747126276.4035263,2025-05-13 08:51:16,65.70,62.90,100.00,100.00
1747126277.906495,2025-05-13 08:51:17,61.80,61.80,100.00,100.00
1747126279.4111698,2025-05-13 08:51:19,71.10,72.20,100.00,100.00
1747126280.9140413,2025-05-13 08:51:20,19.10,7.70,100.00,100.00
1747126282.4453025,2025-05-13 08:51:22,5.90,100.00,100.00,100.00
1747126283.9679158,2025-05-13 08:51:23,6.10,100.00,100.00,100.00
1747126285.4709918,2025-05-13 08:51:25,0.00,100.00,100.00,100.00
1747126286.975016,2025-05-13 08:51:26,5.90,100.00,100.00,100.00
1747126288.4787292,2025-05-13 08:51:28,6.10,100.00,100.00,100.00
1747126289.9827096,2025-05-13 08:51:29,6.50,100.00,100.00,100.00
1747126291.4867916,2025-05-13 08:51:31,13.00,100.00,100.00,100.00
1747126292.9903605,2025-05-13 08:51:32,23.10,100.00,100.00,100.00
1747126294.4952888,2025-05-13 08:51:34,23.10,100.00,100.00,100.00
1747126296.000152,2025-05-13 08:51:36,26.90,100.00,100.00,100.00
1747126297.504026,2025-05-13 08:51:37,20.00,100.00,100.00,100.00
1747126299.0073593,2025-05-13 08:51:39,20.00,100.00,100.00,100.00
1747126300.5105479,2025-05-13 08:51:40,100.00,100.00,73.50,100.00
1747126302.0335755,2025-05-13 08:51:42,100.00,100.00,100.00,100.00
1747126303.5823166,2025-05-13 08:51:43,100.00,100.00,100.00,100.00
1747126305.085759,2025-05-13 08:51:45,97.90,98.00,100.00,100.00
1747126306.591459,2025-05-13 08:51:46,93.90,93.30,100.00,100.00
1747126308.0946493,2025-05-13 08:51:48,97.80,93.20,100.00,100.00
1747126309.6004004,2025-05-13 08:51:49,100.00,100.00,100.00,100.00
1747126311.1034,2025-05-13 08:51:51,14.90,9.10,100.00,100.00
1747126312.634356,2025-05-13 08:51:52,2.60,100.00,100.00,100.00
1747126314.4088075,2025-05-13 08:51:54,0.00,21.30,31.90,54.20
1747126315.9112887,2025-05-13 08:51:55,0.00,100.00,77.60,75.50
1747126317.414383,2025-05-13 08:51:57,5.10,100.00,100.00,100.00
1747126318.9183779,2025-05-13 08:51:58,2.70,100.00,100.00,100.00
1747126320.4228806,2025-05-13 08:52:00,100.00,100.00,100.00,100.00
1747126321.9480371,2025-05-13 08:52:01,95.70,100.00,100.00,100.00
1747126323.4906733,2025-05-13 08:52:03,70.30,70.30,100.00,100.00
1747126324.9953682,2025-05-13 08:52:04,72.20,71.10,100.00,100.00
1747126326.4999003,2025-05-13 08:52:06,75.70,69.40,100.00,100.00
1747126328.004616,2025-05-13 08:52:08,73.70,70.30,100.00,100.00
1747126329.5081775,2025-05-13 08:52:09,68.60,66.70,100.00,100.00
1747126331.0113351,2025-05-13 08:52:11,35.30,31.20,100.00,100.00
1747126332.5441003,2025-05-13 08:52:12,61.30,100.00,100.00,100.00
1747126334.0488935,2025-05-13 08:52:14,71.90,100.00,100.00,100.00
1747126335.5540788,2025-05-13 08:52:15,65.60,100.00,100.00,100.00
1747126337.0578701,2025-05-13 08:52:17,67.70,100.00,100.00,100.00
1747126338.561712,2025-05-13 08:52:18,65.60,100.00,100.00,100.00
1747126340.0661588,2025-05-13 08:52:20,83.30,100.00,100.00,100.00
1747126341.5727966,2025-05-13 08:52:21,100.00,100.00,100.00,100.00
1747126343.11603,2025-05-13 08:52:23,51.50,51.50,100.00,100.00
1747126344.6555192,2025-05-13 08:52:24,100.00,100.00,100.00,100.00
1747126346.213975,2025-05-13 08:52:26,50.00,48.40,100.00,100.00
1747126347.7651622,2025-05-13 08:52:27,100.00,100.00,100.00,100.00
1747126349.3020575,2025-05-13 08:52:29,48.40,46.70,100.00,100.00
1747126350.8373399,2025-05-13 08:52:30,95.30,100.00,100.00,100.00
1747126352.3751543,2025-05-13 08:52:32,50.00,48.40,100.00,100.00
1747126353.9101954,2025-05-13 08:52:33,95.80,100.00,100.00,100.00
1747126355.4470582,2025-05-13 08:52:35,50.00,46.90,100.00,100.00
1747126356.9793172,2025-05-13 08:52:36,97.90,100.00,100.00,100.00
1747126358.5185385,2025-05-13 08:52:38,46.90,50.00,100.00,100.00
1747126360.0649014,2025-05-13 08:52:40,98.00,100.00,100.00,100.00
1747126361.6005986,2025-05-13 08:52:41,62.90,63.90,100.00,100.00
1747126363.1057913,2025-05-13 08:52:43,65.80,61.80,100.00,100.00
1747126364.6094592,2025-05-13 08:52:44,65.80,69.40,100.00,100.00
1747126366.114068,2025-05-13 08:52:46,64.70,63.90,100.00,100.00
1747126367.6171386,2025-05-13 08:52:47,62.90,68.60,100.00,100.00
1747126369.1210914,2025-05-13 08:52:49,68.40,66.70,100.00,100.00
1747126370.6236925,2025-05-13 08:52:50,19.60,2.40,100.00,100.00
1747126372.1493673,2025-05-13 08:52:52,0.00,100.00,100.00,100.00
1747126373.6716213,2025-05-13 08:52:53,2.60,100.00,100.00,100.00
1747126375.1751232,2025-05-13 08:52:55,0.00,100.00,100.00,100.00
1747126376.6779497,2025-05-13 08:52:56,5.30,100.00,100.00,100.00
1747126378.1813262,2025-05-13 08:52:58,5.10,100.00,100.00,100.00
1747126379.6851726,2025-05-13 08:52:59,5.10,100.00,100.00,100.00
1747126381.1887116,2025-05-13 08:53:01,21.40,100.00,100.00,100.00
1747126382.6922057,2025-05-13 08:53:02,14.30,100.00,100.00,100.00
1747126384.1960332,2025-05-13 08:53:04,7.70,100.00,100.00,100.00
1747126385.6996217,2025-05-13 08:53:05,7.70,100.00,100.00,100.00
1747126387.2032151,2025-05-13 08:53:07,23.30,100.00,100.00,100.00
1747126388.707763,2025-05-13 08:53:08,11.10,100.00,100.00,100.00
1747126390.2122614,2025-05-13 08:53:10,8.10,100.00,100.00,100.00
1747126391.7156396,2025-05-13 08:53:11,2.60,100.00,100.00,100.00
1747126393.2188652,2025-05-13 08:53:13,2.60,100.00,100.00,100.00
1747126394.722608,2025-05-13 08:53:14,5.00,100.00,100.00,100.00
1747126396.2263372,2025-05-13 08:53:16,4.90,100.00,100.00,100.00
1747126397.7294981,2025-05-13 08:53:17,2.50,100.00,100.00,100.00
1747126399.232599,2025-05-13 08:53:19,5.00,100.00,100.00,100.00
1747126400.7366652,2025-05-13 08:53:20,2.80,100.00,100.00,100.00
1747126402.2403088,2025-05-13 08:53:22,0.00,100.00,100.00,100.00
1747126403.7439332,2025-05-13 08:53:23,2.90,100.00,100.00,100.00
1747126405.2479377,2025-05-13 08:53:25,8.10,100.00,100.00,100.00
1747126406.7508075,2025-05-13 08:53:26,8.30,100.00,100.00,100.00
1747126408.2546804,2025-05-13 08:53:28,5.60,100.00,100.00,100.00
1747126409.7583745,2025-05-13 08:53:29,0.00,100.00,100.00,100.00
1747126411.2636564,2025-05-13 08:53:31,100.00,100.00,100.00,100.00
1747126412.788947,2025-05-13 08:53:32,100.00,100.00,100.00,100.00
1747126414.3257513,2025-05-13 08:53:34,70.30,65.70,100.00,100.00
1747126415.829325,2025-05-13 08:53:35,67.60,68.60,100.00,100.00
1747126417.3325043,2025-05-13 08:53:37,67.60,71.80,100.00,100.00
1747126418.8366039,2025-05-13 08:53:38,64.90,68.60,100.00,100.00
1747126420.341271,2025-05-13 08:53:40,26.80,17.10,100.00,100.00
1747126421.8715332,2025-05-13 08:53:41,11.50,100.00,100.00,100.00
1747126423.393145,2025-05-13 08:53:43,15.40,100.00,100.00,100.00
1747126424.8995848,2025-05-13 08:53:44,19.20,100.00,100.00,100.00
1747126426.4023843,2025-05-13 08:53:46,18.50,100.00,100.00,100.00
1747126427.9058616,2025-05-13 08:53:47,15.40,100.00,100.00,100.00
1747126429.4092891,2025-05-13 08:53:49,19.20,100.00,100.00,100.00
1747126430.9126546,2025-05-13 08:53:50,100.00,100.00,100.00,100.00
1747126432.4446204,2025-05-13 08:53:52,98.00,100.00,100.00,100.00
1747126433.9914732,2025-05-13 08:53:53,100.00,100.00,100.00,100.00
1747126435.495377,2025-05-13 08:53:55,95.90,98.00,100.00,100.00
1747126436.9984968,2025-05-13 08:53:56,88.40,88.60,100.00,100.00
1747126438.5014732,2025-05-13 08:53:58,88.40,88.90,100.00,100.00
1747126440.0061421,2025-05-13 08:54:00,86.00,88.60,100.00,100.00
1747126441.5105937,2025-05-13 08:54:01,85.70,85.40,100.00,100.00
1747126443.0150466,2025-05-13 08:54:03,83.30,84.10,100.00,100.00
1747126444.5205367,2025-05-13 08:54:04,82.90,85.00,100.00,100.00
1747126446.0265117,2025-05-13 08:54:06,82.90,86.00,100.00,100.00
1747126447.5303895,2025-05-13 08:54:07,82.90,84.10,100.00,100.00
1747126449.035279,2025-05-13 08:54:09,85.40,87.80,100.00,100.00
1747126450.538549,2025-05-13 08:54:10,91.30,88.10,100.00,100.00
1747126452.0449295,2025-05-13 08:54:12,86.40,86.00,100.00,100.00
1747126453.5490742,2025-05-13 08:54:13,88.90,87.80,100.00,100.00
1747126455.0526524,2025-05-13 08:54:15,91.10,85.40,100.00,100.00
1747126456.5567508,2025-05-13 08:54:16,88.60,90.90,100.00,100.00
1747126458.0621314,2025-05-13 08:54:18,89.40,82.50,100.00,100.00
1747126459.5650976,2025-05-13 08:54:19,88.90,91.10,100.00,100.00
1747126461.067916,2025-05-13 08:54:21,12.80,4.50,100.00,100.00
1747126462.593352,2025-05-13 08:54:22,5.10,100.00,100.00,100.00
1747126464.1168985,2025-05-13 08:54:24,0.00,100.00,100.00,100.00
1747126465.6208494,2025-05-13 08:54:25,7.70,100.00,100.00,100.00
1747126467.124361,2025-05-13 08:54:27,5.10,100.00,100.00,100.00
1747126468.6279228,2025-05-13 08:54:28,0.00,100.00,100.00,100.00
1747126470.1315486,2025-05-13 08:54:30,59.10,100.00,100.00,100.00
1747126471.6352637,2025-05-13 08:54:31,100.00,100.00,100.00,100.00
1747126473.1604865,2025-05-13 08:54:33,100.00,100.00,100.00,100.00
1747126474.7129154,2025-05-13 08:54:34,100.00,100.00,100.00,100.00
1747126476.2177994,2025-05-13 08:54:36,95.80,97.80,100.00,100.00
1747126477.7209215,2025-05-13 08:54:37,85.00,83.30,100.00,100.00
1747126479.2256987,2025-05-13 08:54:39,85.40,82.90,100.00,100.00
1747126480.7300901,2025-05-13 08:54:40,95.50,95.70,100.00,100.00
1747126482.2335494,2025-05-13 08:54:42,100.00,93.60,100.00,100.00
1747126483.7391646,2025-05-13 08:54:43,93.30,95.70,100.00,100.00
1747126485.2433887,2025-05-13 08:54:45,93.60,93.50,100.00,100.00
1747126486.7475927,2025-05-13 08:54:46,95.60,97.90,100.00,100.00
1747126488.2509012,2025-05-13 08:54:48,95.50,93.60,100.00,100.00
1747126489.754496,2025-05-13 08:54:49,95.80,93.20,100.00,100.00
1747126491.257062,2025-05-13 08:54:51,6.30,4.30,100.00,100.00
1747126492.7839706,2025-05-13 08:54:52,8.50,100.00,100.00,100.00
1747126494.3040264,2025-05-13 08:54:54,6.70,100.00,100.00,100.00
1747126495.8071072,2025-05-13 08:54:55,6.50,100.00,100.00,100.00
1747126497.3099527,2025-05-13 08:54:57,2.30,100.00,100.00,100.00
1747126498.8133051,2025-05-13 08:54:58,4.50,100.00,100.00,100.00
1747126500.3165088,2025-05-13 08:55:00,89.60,100.00,98.00,100.00
1747126501.8216045,2025-05-13 08:55:01,100.00,100.00,100.00,100.00
1747126503.3476875,2025-05-13 08:55:03,100.00,100.00,100.00,100.00
1747126504.8800812,2025-05-13 08:55:04,64.70,60.00,100.00,100.00
1747126506.3841412,2025-05-13 08:55:06,61.80,58.30,100.00,100.00
1747126507.8879623,2025-05-13 08:55:07,61.10,58.80,100.00,100.00
1747126509.3908982,2025-05-13 08:55:09,57.10,55.90,100.00,100.00
1747126510.939663,2025-05-13 08:55:10,95.60,100.00,100.00,100.00
1747126512.4961703,2025-05-13 08:55:12,71.80,70.30,100.00,100.00
1747126513.9998133,2025-05-13 08:55:13,73.70,72.20,100.00,100.00
1747126515.5026512,2025-05-13 08:55:15,66.70,71.10,100.00,100.00
1747126517.0075133,2025-05-13 08:55:17,74.40,74.40,100.00,100.00
1747126518.5111144,2025-05-13 08:55:18,65.00,77.50,100.00,100.00
1747126520.0154355,2025-05-13 08:55:20,48.70,51.30,100.00,100.00
1747126521.543141,2025-05-13 08:55:21,7.30,100.00,100.00,100.00
1747126523.0632565,2025-05-13 08:55:23,5.00,100.00,100.00,100.00
1747126524.566905,2025-05-13 08:55:24,5.00,100.00,100.00,100.00
1747126526.070821,2025-05-13 08:55:26,0.00,100.00,100.00,100.00
1747126527.5739305,2025-05-13 08:55:27,2.50,100.00,100.00,100.00
1747126529.0775049,2025-05-13 08:55:29,2.50,100.00,100.00,100.00
1747126530.581503,2025-05-13 08:55:30,100.00,100.00,100.00,100.00
1747126532.1057732,2025-05-13 08:55:32,100.00,100.00,100.00,100.00
1747126533.664588,2025-05-13 08:55:33,100.00,100.00,100.00,100.00
1747126535.1677666,2025-05-13 08:55:35,100.00,98.00,100.00,100.00
1747126536.6727214,2025-05-13 08:55:36,100.00,100.00,100.00,100.00
1747126538.1776063,2025-05-13 08:55:38,100.00,100.00,100.00,100.00
1747126539.6832538,2025-05-13 08:55:39,100.00,100.00,100.00,100.00
1747126541.199583,2025-05-13 08:55:41,100.00,100.00,100.00,100.00
1747126542.7077763,2025-05-13 08:55:42,95.70,90.90,100.00,100.00
1747126544.2110624,2025-05-13 08:55:44,82.50,82.50,100.00,100.00
1747126545.715532,2025-05-13 08:55:45,64.90,62.20,100.00,100.00
1747126547.2193594,2025-05-13 08:55:47,70.30,67.60,100.00,100.00
1747126548.7247872,2025-05-13 08:55:48,66.70,65.70,100.00,100.00
1747126550.2284904,2025-05-13 08:55:50,37.50,36.80,100.00,100.00
1747126551.7581265,2025-05-13 08:55:51,20.00,100.00,100.00,100.00
1747126553.2808714,2025-05-13 08:55:53,18.50,100.00,100.00,100.00
1747126554.7840848,2025-05-13 08:55:54,28.60,100.00,100.00,100.00
1747126556.2871168,2025-05-13 08:55:56,22.20,100.00,100.00,100.00
1747126557.7902637,2025-05-13 08:55:57,21.40,100.00,100.00,100.00
1747126559.2961159,2025-05-13 08:55:59,19.20,96.00,98.00,98.00
1747126561.0252466,2025-05-13 08:56:01,5.90,53.20,56.30,51.10
1747126562.5289552,2025-05-13 08:56:02,5.90,100.00,100.00,100.00
1747126564.0327082,2025-05-13 08:56:04,3.00,100.00,100.00,100.00
1747126565.5367277,2025-05-13 08:56:05,0.00,100.00,100.00,100.00
1747126567.040215,2025-05-13 08:56:07,3.00,100.00,100.00,100.00
1747126568.5429852,2025-05-13 08:56:08,5.90,100.00,100.00,100.00
1747126570.0469394,2025-05-13 08:56:10,44.70,100.00,100.00,100.00
1747126571.5516956,2025-05-13 08:56:11,100.00,100.00,100.00,100.00
1747126573.0729518,2025-05-13 08:56:13,95.90,95.70,68.10,100.00
1747126574.6083498,2025-05-13 08:56:14,71.10,65.70,100.00,100.00
1747126576.1143703,2025-05-13 08:56:16,69.40,67.60,100.00,100.00
1747126577.6224563,2025-05-13 08:56:17,63.90,63.90,100.00,98.00
1747126579.1261454,2025-05-13 08:56:19,68.40,69.40,100.00,100.00
1747126580.6289794,2025-05-13 08:56:20,20.80,6.80,100.00,100.00
1747126582.3688822,2025-05-13 08:56:22,12.80,50.00,45.10,15.60
1747126583.888792,2025-05-13 08:56:23,2.60,100.00,100.00,100.00
1747126585.3930109,2025-05-13 08:56:25,0.00,100.00,100.00,100.00
1747126586.896022,2025-05-13 08:56:26,5.30,100.00,100.00,100.00
1747126588.400232,2025-05-13 08:56:28,2.60,100.00,100.00,100.00
1747126589.9044719,2025-05-13 08:56:29,12.80,100.00,100.00,100.00
1747126591.4105148,2025-05-13 08:56:31,97.90,100.00,100.00,100.00
1747126592.9334207,2025-05-13 08:56:32,97.80,100.00,100.00,100.00
1747126594.522561,2025-05-13 08:56:34,45.50,45.20,100.00,100.00
1747126596.958934,2025-05-13 08:56:36,95.70,100.00,100.00,100.00
1747126598.9101224,2025-05-13 08:56:38,50.00,60.00,100.00,100.00
1747126600.9044795,2025-05-13 08:56:40,93.50,100.00,100.00,100.00
1747126602.9180963,2025-05-13 08:56:42,74.40,80.00,100.00,100.00
1747126604.4216542,2025-05-13 08:56:44,71.10,76.30,100.00,100.00
1747126605.9274404,2025-05-13 08:56:45,75.60,80.00,100.00,100.00
1747126607.4306555,2025-05-13 08:56:47,71.10,72.20,100.00,100.00
1747126608.9343262,2025-05-13 08:56:48,73.70,78.90,100.00,100.00
1747126610.4375515,2025-05-13 08:56:50,35.90,27.30,100.00,100.00
1747126611.9680974,2025-05-13 08:56:51,63.30,100.00,100.00,100.00
1747126613.4741857,2025-05-13 08:56:53,61.30,100.00,100.00,100.00
1747126614.9771478,2025-05-13 08:56:54,58.10,100.00,100.00,100.00
1747126616.5001783,2025-05-13 08:56:56,60.00,100.00,100.00,100.00
1747126618.006617,2025-05-13 08:56:58,58.60,100.00,100.00,100.00
1747126619.5098202,2025-05-13 08:56:59,60.00,100.00,100.00,100.00
1747126621.0136344,2025-05-13 08:57:01,46.40,100.00,100.00,100.00
1747126622.5171447,2025-05-13 08:57:02,42.30,100.00,100.00,100.00
1747126624.0215762,2025-05-13 08:57:04,40.70,100.00,100.00,100.00
1747126625.5253558,2025-05-13 08:57:05,40.70,100.00,100.00,100.00
1747126627.028673,2025-05-13 08:57:07,48.30,100.00,100.00,100.00
1747126628.5317476,2025-05-13 08:57:08,38.50,100.00,100.00,100.00
1747126630.0351706,2025-05-13 08:57:10,29.60,100.00,100.00,100.00
1747126631.5398016,2025-05-13 08:57:11,13.30,100.00,100.00,100.00