Random waveform, random seed
Total number of intervals = 100 (14194, 10017, 149089, 7952, 108904, 136629, 66198, 69259, 52060, 110054, 29742, 35839, 130090, 73945, 64630, 133004, 45635, 101900, 24543, 158116, 167925, 167307, 111783, 38940, 106957, 124585, 123879, 153487, 68566, 139961, 64696, 17370, 179841, 55087, 57051, 158740, 146136, 76394, 97180, 140194, 134959, 179491, 122049, 30430, 55531, 170748, 19334, 123250, 78873, 109215, 105457, 122777, 20517, 47525, 15736, 23812, 123206, 52438, 157855, 145068, 154380, 18180, 149078, 167093, 7401, 112954, 127838, 14808, 178699, 118885, 52233, 30600, 119029, 18729, 101740, 131819, 75205, 66967, 42018, 36739, 29945, 119806, 135084, 8235, 124789, 49501, 139951, 77676, 123390, 164581, 146789, 16254, 159456, 112899, 79798, 88845, 64799, 176653, 25635, 143648)
Average QPS expected = 92682
Timestamp start: 1747125849595
Timestamp end: 1747126849919

#type       avg     std     min      p5     p10     p50     p67     p75     p80     p85     p90     p95     p99    p999   p9999      QPS   target
read      213.0   104.1    74.4   125.4   143.9   208.9   231.1   243.4   251.8   262.7   275.0   296.4   349.3  1152.9  4303.9  14147.2    14194
read      217.3   232.2    80.4   127.1   141.7   193.5   214.6   227.0   235.4   247.7   263.5   291.2   904.6  3198.7  7963.7   9983.8    10017
read      284.1   400.9    68.9   122.0   137.5   227.9   274.6   300.9   319.8   343.1   373.8   428.9  2665.6  5338.6  9085.4 149188.7   149089
read      193.3   119.5    80.4   128.6   140.8   183.7   201.2   212.1   219.3   229.1   241.1   262.6   323.4  2046.3  4088.0   7949.7     7952
read      268.0   267.3    68.9   110.8   122.6   208.8   265.0   302.1   333.5   377.1   447.2   578.7  1250.0  3316.4  8140.8 108821.8   108904
read      247.2   214.4    63.8   114.7   128.0   207.5   251.5   277.5   296.7   320.0   352.6   412.2  1402.2  2486.6  4932.8 136560.8   136629
read      250.8   130.2    68.9   106.5   117.3   225.2   290.2   328.3   356.7   388.7   426.6   478.0   582.5   785.8  2891.9  66280.7    66198
read      241.0   120.8    63.8   106.4   117.1   221.9   281.0   312.9   335.2   360.5   391.8   436.9   539.3   737.1  3008.2  69258.0    69259
read      233.4   103.0    68.9   107.1   118.4   225.3   274.3   299.0   316.0   335.7   360.0   395.2   463.6   602.8  2612.5  51950.6    52060
read      301.8  6979.4    68.9   110.8   122.2   205.5   261.2   297.2   326.0   363.2   413.2   495.6   698.7  1135.2 18233.5 110171.6   110054
read      234.7   106.8    68.9   111.5   125.0   229.5   267.6   287.8   302.2   318.8   341.1   373.6   450.6   998.3  3122.3  29639.4    29742
read      251.3   166.9    74.4   109.6   121.9   235.1   284.4   311.4   330.3   351.7   377.5   418.9   532.0  2563.3  4752.5  35920.1    35839
read      293.2   317.0    74.4   118.6   133.3   226.7   278.0   309.5   333.2   363.4   405.7   511.7  1649.3  3405.2  7625.2 130058.8   130090
read      260.2   171.2    68.9   107.0   117.9   222.4   294.8   339.2   371.0   406.7   449.8   509.8   651.9  1967.3  5094.3  73920.5    73945
read      267.4   238.0    63.8   106.6   117.5   231.5   301.1   342.5   371.6   404.3   444.1   500.6   646.4  3234.3  8367.2  64644.9    64630
read      301.4   310.8    68.9   120.9   136.4   233.2   286.2   317.9   342.8   373.9   420.2   543.2  1633.9  3312.1  7475.7 132964.0   133004
read      252.3   164.7    74.4   107.2   118.4   234.5   287.6   317.2   339.0   363.7   393.5   435.7   548.7  2308.5  4830.5  45643.3    45635
read      285.6   228.6    68.9   113.9   127.4   220.4   280.0   322.5   361.5   418.9   522.1   695.6  1140.0  2278.0  4957.2 101925.5   101900
read      235.6   130.0    74.4   112.9   127.6   225.6   262.4   281.9   295.6   313.1   335.3   369.0   467.4  1861.8  3213.3  24442.1    24543
read      346.7   254.6    74.4   162.1   185.8   304.2   362.5   396.4   421.7   451.9   491.6   558.1  1526.6  3310.3  7558.3 158059.7   158116
read      311.6   142.5    74.4   149.9   172.3   290.3   349.5   385.2   410.3   439.5   475.6   529.9   635.4  1197.2  3720.9 167688.5   167925
read      256.2   119.8    68.9   131.6   148.4   236.5   279.9   305.7   324.7   348.8   383.2   440.5   579.9   993.8  3480.6 167270.5   167307
read      298.1   332.5    68.9   113.9   127.2   217.5   269.2   302.3   330.6   373.0   485.1   840.8  1550.3  2875.0 10824.1 111683.1   111783
read      243.2   213.2    68.9   110.9   123.1   227.5   267.8   288.1   302.4   319.0   341.7   376.7   549.6  3174.5  7555.6  38939.6    38940
read      282.6   259.6    68.9   114.4   127.9   218.8   277.2   318.6   355.1   405.3   488.3   642.5  1167.9  2970.8  7877.8 107046.9   106957
read      225.0   170.6    68.9   111.7   123.2   197.6   241.7   268.7   288.5   311.9   341.6   389.3   542.2  2211.2  7120.0 124589.6   124585
read      226.7   240.4    68.9   112.6   124.5   200.3   245.0   271.9   291.9   315.3   344.8   392.1   516.0  2344.0  7943.8 123695.5   123879
read      243.4   187.3    68.9   123.1   138.2   219.7   261.3   286.2   304.9   327.7   358.7   408.4   550.1  2113.3  8229.7 153355.5   153487
read      256.8   258.9    68.9   105.5   115.8   221.6   281.1   314.4   339.6   369.3   407.0   464.6   680.6  3646.5  8238.7  68580.5    68566
read      269.1   291.2    68.9   117.4   131.4   217.3   265.1   293.1   314.0   339.7   374.2   443.4  1552.3  3462.4  7659.8 139906.1   139961
read      267.8   296.4    68.9   106.5   117.0   229.2   290.4   325.8   352.2   383.1   421.1   478.0   798.6  4587.2  8456.8  64658.1    64696
read      224.9   119.2    74.4   117.6   135.0   217.0   245.5   260.9   271.7   285.6   303.3   333.1   436.0  1549.6  3691.8  17360.4    17370
read      379.8   311.7    74.4   179.0   204.6   339.6   396.9   428.7   452.6   481.5   523.3   602.4  1524.9  3726.4  9632.1 179689.8   179841
read      254.6   257.2    68.9   106.8   118.1   224.0   277.5   309.9   333.8   361.6   395.1   444.2   631.0  4148.1  8021.0  55051.9    55087
read      265.6   316.8    68.9   104.8   115.3   232.0   290.3   323.9   348.0   374.6   407.0   457.6   743.1  5435.8 10800.7  56987.8    57051
read      303.6   293.6    68.9   137.2   155.4   257.1   304.7   332.5   353.4   379.4   416.6   489.2  1519.3  3510.5  7870.5 158710.1   158740
read      232.6   168.5    68.9   118.4   132.0   208.9   249.5   274.1   292.9   315.4   344.6   392.9   525.9  2379.9  6562.9 146068.0   146136
read      268.7   319.6    68.9   105.5   116.2   220.8   288.2   328.6   358.6   392.6   433.3   495.5   843.7  5505.3 10511.9  76372.4    76394
read      259.9   239.3    68.9   108.7   120.0   209.0   271.3   313.6   347.7   392.2   448.3   534.5   783.5  2741.6  8388.9  97149.0    97180
read      235.6   206.8    68.9   115.2   128.5   205.3   247.9   273.4   292.9   316.1   346.2   397.1   630.7  3105.6  7522.5 140237.8   140194
read      219.9   148.6    68.9   111.9   123.7   196.0   236.7   262.4   281.0   303.5   332.1   375.0   489.4  2022.5  5625.9 134925.4   134959
read      315.3   133.4    74.4   163.0   186.5   296.6   346.8   377.8   400.7   428.8   464.8   521.5   637.1  1206.4  3803.4 179459.2   179491
read      216.7   137.9    68.9   109.6   120.4   192.9   235.7   262.7   282.0   304.7   333.6   375.8   482.9  1595.4  5476.5 122055.9   122049
read      236.2   146.7    74.4   109.0   121.6   224.4   262.7   283.1   297.4   315.3   338.1   373.6   525.9  2115.7  3888.3  30431.2    30430
read      265.3   296.1    68.9   104.5   115.3   231.3   288.8   321.9   345.8   372.4   404.2   455.9   772.7  5293.2  8013.0  55418.0    55531
read      318.7   256.2    74.4   152.3   174.2   283.3   331.6   359.9   380.7   405.7   440.8   502.8  1428.4  3422.7  7557.0 170689.1   170748
read      219.4   124.4    74.4   113.5   129.5   212.3   240.0   254.8   265.9   277.9   294.8   321.8   412.4  1559.8  4533.4  19292.5    19334
read      272.0   311.9    68.9   114.4   127.7   213.7   264.1   293.2   314.9   341.5   378.6   461.8  1610.3  3528.0  8023.7 123024.7   123250
read      258.0   226.4    68.9   106.0   116.8   218.1   286.7   328.7   359.8   394.7   435.7   495.7   648.7  2498.8  9822.2  78806.6    78873
read      295.8   352.6    68.9   112.0   124.9   213.1   269.2   308.6   343.5   402.5   527.6   741.8  1384.6  3757.4 10374.5 109074.1   109215
read      264.7   212.3    68.9   110.5   122.2   207.2   264.0   303.5   338.1   389.9   472.5   608.1  1010.1  2271.2  6331.4 105319.0   105457
read      228.6   244.8    68.9   109.3   120.0   193.8   237.8   265.2   284.8   307.7   336.8   381.8   622.1  3433.8  7698.5 122737.7   122777
read      221.6   142.0    68.9   112.4   127.3   212.2   241.6   257.3   268.6   281.8   297.9   327.0   428.2  2162.8  4464.9  20464.3    20517
read      260.9   280.1    68.9   105.6   116.8   231.4   284.5   314.0   335.0   358.7   387.6   431.8   748.5  4487.0  7879.6  47584.5    47525
read      211.0   122.4    80.4   116.4   132.9   203.6   229.1   242.7   252.2   264.2   278.6   303.9   374.0  1912.7  4850.1  15734.2    15736
read      232.5   156.2    68.9   111.4   125.4   219.8   253.9   271.6   284.6   299.0   318.6   352.6   564.4  2438.7  3815.7  23848.4    23812
read      326.8   433.5    68.9   116.6   131.3   230.4   283.8   312.9   335.2   364.6   415.6  1224.3  1984.1  4331.6  8876.8 122954.1   123206
read      259.8   274.7    68.9   105.3   116.1   231.6   286.0   317.0   339.6   365.2   395.7   440.0   607.5  4441.9  8134.8  52472.4    52438
read      319.7   308.1    68.9   138.6   158.0   269.3   322.2   353.0   375.8   404.1   445.5   528.6  1576.1  3581.6  7995.4 157706.7   157855
read      234.9   179.3    68.9   119.6   133.5   211.3   251.7   275.8   294.1   316.2   344.9   392.8   531.6  2536.9  7049.8 145071.2   145068
read      241.7   196.8    68.9   123.4   138.5   218.8   258.7   282.7   300.5   322.0   351.6   399.1   533.1  2703.3  9029.2 154292.6   154380
read      215.7   108.8    74.4   115.4   131.2   208.7   235.3   250.3   260.9   272.7   289.7   316.0   393.1  1530.7  3146.4  18224.0    18180
read      345.8   382.0    68.9   137.3   157.5   275.2   330.9   364.0   389.8   422.9   470.7   593.8  1783.7  4054.2  8155.4 149124.2   149078
read      260.0   166.9    68.9   134.8   152.0   239.7   281.2   305.5   323.3   345.7   376.3   427.6   553.0  2230.2  6302.4 166864.1   167093
read      190.9   109.6    80.4   130.4   142.5   182.6   198.7   208.5   215.7   224.9   235.5   255.2   319.8  1357.0  5195.1   7356.5     7401
read      345.9   462.5    68.9   115.3   129.6   231.7   287.4   318.4   343.2   378.2   463.0  1377.0  2078.3  4216.1 11263.1 112785.7   112954
read      250.6   276.9    68.9   113.0   125.7   206.4   252.9   280.9   301.4   326.1   359.4   417.3  1402.8  3441.5  8926.2 127962.0   127838
read      212.5   137.4    74.4   119.2   136.8   204.0   228.7   242.0   251.6   263.5   277.7   302.6   373.2  2016.4  7424.2  14803.1    14808
read      398.7   328.8    74.4   184.4   210.5   352.7   408.1   439.2   463.7   495.8   543.5   648.4  1598.6  4131.7  9006.6 178548.0   178699
read      243.8   193.3    68.9   115.6   129.6   221.3   266.2   291.1   309.4   331.2   360.7   409.4   577.7  2995.3  7804.7 118732.1   118885
read      251.7   165.5    68.9   106.4   117.4   231.8   285.7   316.0   338.1   363.3   393.8   437.2   587.0  2187.9  4745.3  52193.4    52233
read      230.6   106.1    74.4   108.9   121.4   222.8   262.5   283.1   297.3   315.3   338.7   373.8   466.6  1056.6  3429.0  30580.4    30600
read      307.5   383.3    68.9   114.3   127.8   218.6   265.8   293.4   315.5   345.6   402.6  1097.3  1721.7  3853.8  8080.3 118890.2   119029
read      220.7   120.6    74.4   114.1   130.8   212.1   240.7   256.5   268.2   281.9   300.0   332.5   431.2  1534.7  3968.5  18709.9    18729
read      296.5   347.3    68.9   111.7   124.6   218.8   279.2   319.6   356.3   411.1   500.8   670.5  1519.3  4326.3  9174.2 101622.0   101740
read      259.6   309.8    68.9   114.2   127.7   211.0   257.7   285.7   306.4   331.4   365.2   426.2  1489.1  3723.1  8620.9 131928.6   131819
read      265.0   315.3    68.9   104.8   115.3   220.8   288.2   328.0   357.4   390.2   429.3   487.8   691.5  4330.8 11204.0  75256.0    75205
read      264.4   270.8    68.9   104.7   115.4   229.1   294.6   332.6   359.7   389.8   425.8   478.5   659.6  4485.9  8472.4  66992.5    66967
read      237.5   147.9    68.9   108.8   121.2   228.1   272.4   294.8   310.8   329.2   352.5   389.0   472.2  1459.1  6601.7  42007.5    42018
read      229.0    93.8    68.9   111.0   123.6   226.6   265.3   284.3   297.1   313.1   333.1   363.7   428.0   584.0  2515.8  36686.2    36739
read      224.0    88.1    68.9   112.6   126.2   222.9   256.4   272.9   285.2   298.5   316.7   343.7   401.8   528.1  2506.9  29929.6    29945
read      460.7   467.7    74.4   139.9   159.4   264.2   344.2   506.8   707.3   924.7  1177.3  1410.9  2023.2  3461.7  7843.0 120009.8   119806
read      522.4   612.4    74.4   149.4   171.1   275.8   332.9   400.2   658.0  1269.6  1451.8  1652.2  2873.6  4757.5  8050.9 135160.7   135084
read      213.9   254.0    68.9   123.9   139.0   191.6   212.0   223.9   232.6   244.4   260.7   292.8   734.3  3076.2  8878.0   8251.5     8235
read      519.5   589.9    74.4   153.3   175.2   275.2   336.8   422.7   736.5  1234.3  1420.1  1622.4  2691.9  4602.6  8087.9 124789.3   124789
read      233.0   114.7    68.9   106.5   118.0   221.7   269.4   293.7   310.9   330.7   355.9   394.6   497.7  1118.6  2667.5  49531.9    49501
read      547.0   627.6    74.4   157.3   180.6   282.7   340.9   428.4   861.5  1321.1  1476.7  1675.3  3011.3  4703.0  8053.6 140078.0   139951
read      315.0   337.7    68.9   112.7   127.7   230.1   289.9   332.4   367.8   416.7   515.0   857.5  1638.5  3292.8  7944.5  77635.5    77676
read      517.6   576.8    68.9   151.1   173.0   275.5   340.3   456.7   770.0  1191.1  1404.9  1608.7  2666.0  4019.8  8033.3 123443.2   123390
read      556.0   659.6    74.4   157.5   181.4   283.9   339.4   414.9   757.8  1332.2  1514.1  1746.9  3216.9  4542.2  8048.5 164542.2   164581
read      502.0   621.5    74.4   149.9   169.9   268.8   324.1   390.0   537.6   937.4  1420.2  1689.7  3074.4  5131.6  8071.0 146735.8   146789
read      307.6   546.6    74.4   113.2   124.6   196.0   237.7   269.0   298.2   352.9   480.3   831.9  1930.0  7913.5  9705.0  16215.7    16254
read      556.7   649.4    74.4   158.8   183.0   285.6   341.6   425.1   834.8  1336.2  1503.4  1717.6  3212.8  4735.0  8066.4 159099.7   159456
read      546.8   646.9    74.4   158.5   181.6   281.6   346.4   473.3   768.3  1188.6  1458.8  1727.6  3121.7  6091.4  8104.3 112894.6   112899
read      399.4   434.2    74.4   128.9   146.8   246.0   327.2   430.1   534.8   679.6   867.4  1167.4  2063.5  3692.4  8071.9  79878.8    79798
read      245.1   121.1    68.9   107.9   119.5   218.4   282.6   319.4   345.5   373.8   407.1   456.9   573.4   785.1  2201.2  88924.7    88845
read      245.5  1442.3    68.9   106.8   118.3   225.4   280.1   308.8   328.8   351.6   379.9   423.5   537.2  1321.5  3632.9  64838.2    64799
read      542.1   622.4    74.4   158.7   182.1   284.5   347.3   464.1   751.6  1235.3  1460.5  1694.0  3062.7  4606.4  8056.0 176567.7   176653
read      320.3   457.6    74.4   119.7   135.3   225.8   272.7   305.0   335.5   389.6   512.9   810.9  1765.2  7681.9  9324.8  25638.3    25635
read      550.3   638.2    74.4   158.9   183.0   283.4   340.7   436.6   831.3  1311.0  1479.0  1692.6  3090.7  5013.1  8088.2 118914.8   143648

Total QPS = 92402.8 (92402808 / 1000.0s)

Total connections = 64
Misses = 0 (0.0%)
Skipped TXs = 0 (0.0%)

RX 22823492835 bytes :   21.8 MB/s
TX          0 bytes :    0.0 MB/s
Warning! Detected max cpu usage > 95%
CPU Usage Stats (avg/min/max): 100.00%,51.76%,100.00%
