timestamp,datetime,core_0,core_1,core_2,core_3
1747120328.7004483,2025-05-13 07:12:08,77.80,60.00,33.30,50.00
1747120330.8037925,2025-05-13 07:12:10,71.40,100.00,27.30,11.10
1747120332.9067132,2025-05-13 07:12:12,77.80,100.00,11.10,10.00
1747120335.0098102,2025-05-13 07:12:15,77.80,11.10,0.00,100.00
1747120337.113278,2025-05-13 07:12:17,80.00,0.00,0.00,100.00
1747120339.2155614,2025-05-13 07:12:19,18.20,0.00,100.00,0.00
1747120341.317727,2025-05-13 07:12:21,18.20,0.00,100.00,0.00
1747120343.4206462,2025-05-13 07:12:23,18.20,100.00,100.00,100.00
1747120345.5232306,2025-05-13 07:12:25,20.00,100.00,100.00,100.00
1747120347.6263645,2025-05-13 07:12:27,25.00,100.00,100.00,100.00
1747120349.7300308,2025-05-13 07:12:29,16.70,100.00,100.00,100.00
1747120351.8327322,2025-05-13 07:12:31,50.00,100.00,100.00,100.00
1747120353.9368668,2025-05-13 07:12:33,44.40,100.00,100.00,100.00
1747120356.0401769,2025-05-13 07:12:36,28.60,100.00,100.00,100.00
1747120358.1435196,2025-05-13 07:12:38,71.40,100.00,100.00,100.00
1747120360.2477002,2025-05-13 07:12:40,75.00,100.00,100.00,100.00
1747120362.3505151,2025-05-13 07:12:42,80.00,100.00,100.00,100.00
1747120364.4558342,2025-05-13 07:12:44,85.70,100.00,100.00,100.00
1747120366.5599031,2025-05-13 07:12:46,77.80,100.00,100.00,100.00
1747120368.6635122,2025-05-13 07:12:48,100.00,100.00,100.00,100.00
1747120370.840795,2025-05-13 07:12:50,81.80,100.00,100.00,100.00
1747120372.9460897,2025-05-13 07:12:52,80.00,100.00,100.00,100.00
1747120375.0502303,2025-05-13 07:12:55,75.00,100.00,100.00,100.00
1747120377.1530406,2025-05-13 07:12:57,81.80,90.00,100.00,100.00
1747120379.2557423,2025-05-13 07:12:59,62.50,66.70,100.00,100.00
1747120381.3597703,2025-05-13 07:13:01,55.60,62.50,100.00,100.00
1747120383.463007,2025-05-13 07:13:03,55.60,62.50,100.00,0.00
1747120385.5662892,2025-05-13 07:13:05,60.00,62.50,0.00,100.00
1747120387.6694682,2025-05-13 07:13:07,60.00,62.50,11.10,100.00
1747120391.6007137,2025-05-13 07:13:11,27.30,22.20,60.00,44.40
1747120393.7379034,2025-05-13 07:13:13,25.00,10.00,0.00,100.00
1747120395.8408115,2025-05-13 07:13:15,22.20,18.20,18.20,100.00
1747120397.9435673,2025-05-13 07:13:17,12.50,10.00,0.00,100.00
1747120400.0473285,2025-05-13 07:13:20,100.00,0.00,11.10,100.00
1747120402.213782,2025-05-13 07:13:22,100.00,100.00,22.20,100.00
1747120404.3173032,2025-05-13 07:13:24,77.80,100.00,33.30,100.00
1747120406.4209123,2025-05-13 07:13:26,75.00,100.00,12.50,100.00
1747120408.523343,2025-05-13 07:13:28,20.00,30.00,0.00,100.00
1747120410.657822,2025-05-13 07:13:30,30.00,100.00,10.00,0.00
1747120412.7603915,2025-05-13 07:13:32,12.50,100.00,0.00,0.00
1747120414.8628423,2025-05-13 07:13:34,36.40,100.00,0.00,0.00
1747120416.9653573,2025-05-13 07:13:36,36.40,0.00,0.00,100.00
1747120419.0684586,2025-05-13 07:13:39,100.00,100.00,0.00,11.10
1747120421.2211845,2025-05-13 07:13:41,66.70,88.90,12.50,100.00
1747120423.3258305,2025-05-13 07:13:43,57.10,88.90,0.00,100.00
1747120425.4290128,2025-05-13 07:13:45,66.70,88.90,0.00,100.00
1747120427.5322907,2025-05-13 07:13:47,66.70,87.50,0.00,100.00
1747120429.6361024,2025-05-13 07:13:49,80.00,100.00,12.50,100.00
1747120431.7398043,2025-05-13 07:13:51,85.70,100.00,30.00,100.00
1747120433.8435907,2025-05-13 07:13:53,71.40,100.00,0.00,100.00
1747120435.9473743,2025-05-13 07:13:55,75.00,100.00,25.00,100.00
1747120438.0507932,2025-05-13 07:13:58,25.00,40.00,0.00,100.00
1747120440.1867936,2025-05-13 07:14:00,30.00,10.00,0.00,100.00
1747120442.2893205,2025-05-13 07:14:02,12.50,0.00,0.00,100.00
1747120444.3930535,2025-05-13 07:14:04,40.00,10.00,100.00,100.00
1747120446.4962747,2025-05-13 07:14:06,40.00,20.00,100.00,100.00
1747120448.6002657,2025-05-13 07:14:08,88.90,100.00,100.00,11.10
1747120450.7043285,2025-05-13 07:14:10,90.00,100.00,91.70,0.00
1747120452.808119,2025-05-13 07:14:12,90.00,22.20,100.00,100.00
1747120454.9117281,2025-05-13 07:14:14,87.50,12.50,100.00,100.00
1747120457.0155222,2025-05-13 07:14:17,88.90,11.10,100.00,100.00
1747120459.1222122,2025-05-13 07:14:19,100.00,22.20,100.00,100.00
1747120461.2777803,2025-05-13 07:14:21,57.10,77.80,100.00,100.00
1747120463.3806372,2025-05-13 07:14:23,50.00,70.00,100.00,100.00
1747120465.4843717,2025-05-13 07:14:25,50.00,62.50,100.00,100.00
1747120467.588284,2025-05-13 07:14:27,33.30,75.00,100.00,100.00
1747120469.7513957,2025-05-13 07:14:29,0.00,0.00,100.00,100.00
1747120471.8543546,2025-05-13 07:14:31,18.20,100.00,100.00,0.00
1747120473.9571738,2025-05-13 07:14:33,20.00,100.00,100.00,0.00
1747120476.060066,2025-05-13 07:14:36,10.00,90.90,100.00,0.00
1747120478.1624978,2025-05-13 07:14:38,88.90,100.00,11.10,90.00
1747120480.2659163,2025-05-13 07:14:40,90.00,100.00,20.00,90.00
1747120482.3693342,2025-05-13 07:14:42,90.00,100.00,11.10,90.00
1747120484.4726386,2025-05-13 07:14:44,100.00,100.00,22.20,100.00
1747120486.623816,2025-05-13 07:14:46,57.10,75.00,91.70,100.00
1747120488.7275448,2025-05-13 07:14:48,87.50,100.00,100.00,100.00
1747120490.8336413,2025-05-13 07:14:50,80.00,100.00,100.00,100.00
1747120492.938172,2025-05-13 07:14:52,75.00,100.00,100.00,100.00
1747120495.0418236,2025-05-13 07:14:55,75.00,100.00,100.00,100.00
1747120497.1452112,2025-05-13 07:14:57,87.50,100.00,100.00,100.00
1747120499.2482393,2025-05-13 07:14:59,14.30,0.00,100.00,100.00
1747120501.40495,2025-05-13 07:15:01,20.00,90.90,100.00,20.00
1747120503.5080667,2025-05-13 07:15:03,28.60,18.20,100.00,90.00
1747120505.6108954,2025-05-13 07:15:05,28.60,100.00,100.00,0.00
1747120507.7142935,2025-05-13 07:15:07,0.00,100.00,100.00,0.00
1747120509.8173528,2025-05-13 07:15:09,100.00,100.00,0.00,90.00
1747120511.967151,2025-05-13 07:15:11,62.50,66.70,100.00,100.00
1747120514.0708077,2025-05-13 07:15:14,57.10,87.50,90.00,100.00
1747120516.1744041,2025-05-13 07:15:16,57.10,87.50,100.00,100.00
1747120518.2782063,2025-05-13 07:15:18,75.00,100.00,100.00,100.00
1747120520.381456,2025-05-13 07:15:20,77.80,100.00,100.00,100.00
1747120522.484653,2025-05-13 07:15:22,83.30,100.00,100.00,100.00
1747120524.5877783,2025-05-13 07:15:24,75.00,90.90,100.00,100.00
1747120526.6911726,2025-05-13 07:15:26,71.40,88.90,100.00,100.00
1747120528.7943537,2025-05-13 07:15:28,37.50,42.90,100.00,100.00
1747120530.9414792,2025-05-13 07:15:30,57.10,100.00,100.00,0.00
1747120533.0450115,2025-05-13 07:15:33,71.40,25.00,100.00,100.00
1747120535.1485844,2025-05-13 07:15:35,57.10,20.00,100.00,100.00
1747120537.2524173,2025-05-13 07:15:37,62.50,18.20,100.00,100.00
1747120539.3557105,2025-05-13 07:15:39,60.00,100.00,100.00,11.10
1747120541.4593751,2025-05-13 07:15:41,75.00,55.60,100.00,75.00
1747120543.5628793,2025-05-13 07:15:43,87.50,11.10,100.00,100.00
1747120545.6668458,2025-05-13 07:15:45,75.00,0.00,100.00,100.00
1747120547.770425,2025-05-13 07:15:47,75.00,11.10,100.00,90.00
1747120549.8734932,2025-05-13 07:15:49,25.00,10.00,100.00,100.00
1747120551.9766448,2025-05-13 07:15:51,33.30,100.00,100.00,0.00
1747120554.0793495,2025-05-13 07:15:54,40.00,80.00,100.00,18.20
1747120556.1823406,2025-05-13 07:15:56,33.30,0.00,100.00,90.00
1747120558.28512,2025-05-13 07:15:58,20.00,0.00,100.00,90.00
1747120560.3878605,2025-05-13 07:16:00,10.00,11.10,0.00,100.00
1747120562.490429,2025-05-13 07:16:02,18.20,0.00,10.00,100.00
1747120564.5928276,2025-05-13 07:16:04,18.20,100.00,0.00,0.00
1747120566.8796804,2025-05-13 07:16:06,30.80,30.00,60.00,40.00
1747120568.9846923,2025-05-13 07:16:08,100.00,100.00,100.00,100.00
1747120571.1525483,2025-05-13 07:16:11,90.00,100.00,100.00,100.00
1747120573.2558904,2025-05-13 07:16:13,87.50,100.00,100.00,100.00
1747120575.361097,2025-05-13 07:16:15,80.00,100.00,100.00,100.00
1747120577.467787,2025-05-13 07:16:17,87.50,100.00,100.00,100.00
1747120579.5708416,2025-05-13 07:16:19,27.30,27.30,100.00,100.00
1747120582.5802667,2025-05-13 07:16:22,30.00,100.00,100.00,100.00
1747120590.2157166,2025-05-13 07:16:30,100.00,72.70,20.00,60.00
1747120592.3746057,2025-05-13 07:16:32,57.10,88.90,100.00,100.00
1747120594.478535,2025-05-13 07:16:34,66.70,81.80,100.00,100.00
1747120596.581657,2025-05-13 07:16:36,70.00,88.90,100.00,100.00
1747120598.685397,2025-05-13 07:16:38,90.00,100.00,100.00,100.00
1747120600.791144,2025-05-13 07:16:40,88.90,100.00,100.00,100.00
1747120602.8938231,2025-05-13 07:16:42,100.00,100.00,100.00,100.00
1747120604.9976015,2025-05-13 07:16:44,88.90,100.00,100.00,100.00
1747120607.1005204,2025-05-13 07:16:47,88.90,100.00,100.00,100.00
1747120609.204249,2025-05-13 07:16:49,90.00,100.00,100.00,100.00
1747120611.3070872,2025-05-13 07:16:51,87.50,100.00,100.00,100.00
1747120613.414721,2025-05-13 07:16:53,100.00,100.00,100.00,100.00
1747120615.517541,2025-05-13 07:16:55,88.90,100.00,100.00,100.00
1747120617.6215487,2025-05-13 07:16:57,80.00,100.00,100.00,100.00
1747120619.7267554,2025-05-13 07:16:59,77.80,100.00,100.00,100.00
1747120621.8313937,2025-05-13 07:17:01,77.80,90.90,100.00,100.00
1747120623.9347491,2025-05-13 07:17:03,77.80,100.00,100.00,100.00
1747120626.0380843,2025-05-13 07:17:06,75.00,100.00,100.00,100.00
1747120628.1415503,2025-05-13 07:17:08,62.50,87.50,100.00,100.00
1747120630.2459843,2025-05-13 07:17:10,62.50,77.80,100.00,100.00
1747120632.349002,2025-05-13 07:17:12,62.50,77.80,100.00,100.00
1747120634.4540596,2025-05-13 07:17:14,62.50,77.80,100.00,100.00
1747120636.5575478,2025-05-13 07:17:16,57.10,80.00,100.00,100.00
1747120638.6616929,2025-05-13 07:17:18,37.50,62.50,100.00,100.00
1747120640.827271,2025-05-13 07:17:20,88.90,100.00,100.00,100.00
1747120642.930883,2025-05-13 07:17:22,77.80,100.00,100.00,100.00
1747120645.0347729,2025-05-13 07:17:25,87.50,100.00,100.00,100.00
1747120647.1388938,2025-05-13 07:17:27,81.80,100.00,100.00,100.00
1747120649.2423832,2025-05-13 07:17:29,42.90,100.00,100.00,100.00
1747120651.3462534,2025-05-13 07:17:31,50.00,100.00,100.00,100.00
1747120653.4496753,2025-05-13 07:17:33,33.30,100.00,100.00,100.00
1747120655.5538168,2025-05-13 07:17:35,50.00,100.00,100.00,100.00
1747120657.6571293,2025-05-13 07:17:37,50.00,100.00,100.00,100.00
1747120659.7599144,2025-05-13 07:17:39,80.00,100.00,100.00,100.00
1747120661.8629937,2025-05-13 07:17:41,87.50,100.00,100.00,100.00
1747120663.9663723,2025-05-13 07:17:43,85.70,100.00,100.00,100.00
1747120666.0695486,2025-05-13 07:17:46,87.50,100.00,100.00,100.00
1747120668.1724575,2025-05-13 07:17:48,55.60,100.00,100.00,100.00
1747120670.275354,2025-05-13 07:17:50,28.60,100.00,100.00,100.00
1747120672.3784027,2025-05-13 07:17:52,28.60,100.00,100.00,100.00
1747120674.4813278,2025-05-13 07:17:54,40.00,100.00,100.00,100.00
1747120676.5861616,2025-05-13 07:17:56,33.30,100.00,100.00,100.00
1747120678.6897311,2025-05-13 07:17:58,100.00,100.00,100.00,100.00
1747120680.8526287,2025-05-13 07:18:00,88.90,100.00,100.00,100.00
1747120682.9564679,2025-05-13 07:18:02,100.00,100.00,100.00,100.00
1747120685.0613966,2025-05-13 07:18:05,90.00,100.00,100.00,100.00
1747120687.164626,2025-05-13 07:18:07,100.00,100.00,100.00,100.00
1747120689.2673135,2025-05-13 07:18:09,55.60,100.00,100.00,100.00
1747120691.3723795,2025-05-13 07:18:11,37.50,55.60,100.00,100.00
1747120693.5346248,2025-05-13 07:18:13,85.70,100.00,100.00,100.00
1747120695.6380124,2025-05-13 07:18:15,80.00,100.00,100.00,100.00
1747120697.7413995,2025-05-13 07:18:17,77.80,100.00,100.00,100.00
1747120699.8439603,2025-05-13 07:18:19,30.00,100.00,100.00,100.00
1747120701.9464881,2025-05-13 07:18:21,12.50,100.00,100.00,100.00
1747120704.0492592,2025-05-13 07:18:24,11.10,100.00,100.00,100.00
1747120706.1527565,2025-05-13 07:18:26,50.00,100.00,100.00,100.00
1747120708.2577026,2025-05-13 07:18:28,100.00,100.00,100.00,100.00
1747120710.4368396,2025-05-13 07:18:30,66.70,90.90,100.00,100.00
1747120712.5430613,2025-05-13 07:18:32,71.40,90.00,100.00,100.00
1747120714.6463456,2025-05-13 07:18:34,80.00,80.00,100.00,100.00
1747120716.7515583,2025-05-13 07:18:36,77.80,88.90,100.00,100.00
1747120718.8542051,2025-05-13 07:18:38,50.00,33.30,100.00,100.00
1747120720.9571068,2025-05-13 07:18:40,44.40,33.30,100.00,100.00
1747120723.1135643,2025-05-13 07:18:43,62.50,100.00,100.00,100.00
1747120725.2167244,2025-05-13 07:18:45,62.50,100.00,100.00,100.00
1747120727.3216805,2025-05-13 07:18:47,75.00,100.00,100.00,100.00
1747120729.4242039,2025-05-13 07:18:49,36.40,100.00,100.00,100.00
1747120731.5273259,2025-05-13 07:18:51,36.40,100.00,100.00,100.00
1747120733.630607,2025-05-13 07:18:53,11.10,100.00,100.00,100.00
1747120735.7336998,2025-05-13 07:18:55,36.40,100.00,100.00,100.00
1747120737.8367393,2025-05-13 07:18:57,36.40,100.00,100.00,100.00
1747120739.9396982,2025-05-13 07:18:59,77.80,100.00,100.00,100.00
1747120742.0433455,2025-05-13 07:19:02,71.40,100.00,100.00,100.00
1747120744.1466727,2025-05-13 07:19:04,88.90,100.00,100.00,100.00
1747120746.2513344,2025-05-13 07:19:06,75.00,100.00,100.00,100.00
1747120748.3542597,2025-05-13 07:19:08,100.00,100.00,90.00,100.00
1747120750.5248978,2025-05-13 07:19:10,75.00,100.00,100.00,100.00
1747120752.6283748,2025-05-13 07:19:12,80.00,90.90,100.00,100.00
1747120754.737482,2025-05-13 07:19:14,80.00,100.00,100.00,100.00
1747120756.8411336,2025-05-13 07:19:16,77.80,100.00,100.00,100.00
1747120758.9437578,2025-05-13 07:19:18,33.30,30.80,100.00,100.00
1747120761.0845633,2025-05-13 07:19:21,27.30,100.00,100.00,100.00
1747120763.1879425,2025-05-13 07:19:23,25.00,100.00,100.00,100.00
1747120765.291599,2025-05-13 07:19:25,33.30,100.00,100.00,100.00
1747120767.3946602,2025-05-13 07:19:27,30.80,100.00,100.00,100.00
1747120769.4973292,2025-05-13 07:19:29,100.00,100.00,100.00,100.00
1747120771.6570292,2025-05-13 07:19:31,66.70,77.80,100.00,100.00
1747120773.7605417,2025-05-13 07:19:33,66.70,90.00,100.00,100.00
1747120775.8643131,2025-05-13 07:19:35,55.60,77.80,100.00,100.00
1747120777.9671125,2025-05-13 07:19:37,57.10,80.00,100.00,100.00
1747120780.0701427,2025-05-13 07:19:40,70.00,81.80,100.00,100.00
1747120782.1733406,2025-05-13 07:19:42,57.10,88.90,100.00,100.00
1747120784.2764015,2025-05-13 07:19:44,57.10,88.90,100.00,100.00
1747120786.3793182,2025-05-13 07:19:46,70.00,80.00,100.00,100.00
1747120788.4830568,2025-05-13 07:19:48,25.00,37.50,100.00,100.00
1747120790.6390233,2025-05-13 07:19:50,50.00,100.00,100.00,100.00
1747120792.7421823,2025-05-13 07:19:52,66.70,100.00,100.00,100.00
1747120794.8458498,2025-05-13 07:19:54,57.10,100.00,100.00,100.00
1747120796.9496992,2025-05-13 07:19:56,57.10,100.00,100.00,100.00
1747120799.0539448,2025-05-13 07:19:59,100.00,100.00,100.00,100.00
1747120801.236744,2025-05-13 07:20:01,88.90,100.00,100.00,100.00
1747120803.3404906,2025-05-13 07:20:03,77.80,100.00,100.00,100.00
1747120805.4439645,2025-05-13 07:20:05,77.80,100.00,100.00,100.00
1747120807.5474236,2025-05-13 07:20:07,100.00,100.00,100.00,100.00
1747120809.9537277,2025-05-13 07:20:09,33.30,37.50,60.00,55.60
1747120812.0972314,2025-05-13 07:20:12,57.10,100.00,100.00,30.00
1747120814.2007096,2025-05-13 07:20:14,50.00,100.00,100.00,11.10
1747120816.3039367,2025-05-13 07:20:16,50.00,100.00,100.00,10.00
1747120818.4085617,2025-05-13 07:20:18,100.00,100.00,20.00,100.00
1747120820.5707774,2025-05-13 07:20:20,75.00,88.90,0.00,100.00
1747120822.6756117,2025-05-13 07:20:22,77.80,90.00,100.00,100.00
1747120824.7813218,2025-05-13 07:20:24,87.50,90.00,100.00,100.00
1747120826.884402,2025-05-13 07:20:26,77.80,90.90,100.00,100.00
1747120828.9876895,2025-05-13 07:20:28,75.00,90.00,100.00,100.00
1747120831.0914853,2025-05-13 07:20:31,75.00,88.90,100.00,100.00
1747120833.1964712,2025-05-13 07:20:33,71.40,90.00,100.00,100.00
1747120835.2994268,2025-05-13 07:20:35,87.50,90.00,100.00,100.00
1747120837.4051592,2025-05-13 07:20:37,80.00,90.00,100.00,100.00
1747120839.508547,2025-05-13 07:20:39,30.00,40.00,100.00,100.00
1747120841.6561136,2025-05-13 07:20:41,50.00,0.00,100.00,100.00
1747120843.7595983,2025-05-13 07:20:43,44.40,11.10,100.00,100.00
1747120845.8630977,2025-05-13 07:20:45,37.50,20.00,100.00,100.00
1747120847.9660592,2025-05-13 07:20:47,44.40,100.00,100.00,0.00
1747120850.0694704,2025-05-13 07:20:50,88.90,100.00,100.00,0.00
1747120852.1733034,2025-05-13 07:20:52,88.90,55.60,100.00,80.00
1747120854.2772825,2025-05-13 07:20:54,87.50,0.00,100.00,100.00
1747120856.3811245,2025-05-13 07:20:56,90.00,12.50,100.00,100.00
1747120858.4843733,2025-05-13 07:20:58,87.50,100.00,100.00,10.00
1747120860.5878232,2025-05-13 07:21:00,88.90,77.80,100.00,40.00
1747120862.6915507,2025-05-13 07:21:02,80.00,12.50,100.00,100.00
1747120864.7947783,2025-05-13 07:21:04,85.70,33.30,100.00,90.00
1747120866.8981047,2025-05-13 07:21:06,88.90,100.00,100.00,0.00
1747120869.0016398,2025-05-13 07:21:09,50.00,100.00,100.00,0.00
1747120871.104716,2025-05-13 07:21:11,42.90,100.00,100.00,12.50
1747120873.2083817,2025-05-13 07:21:13,33.30,100.00,100.00,11.10
1747120875.311855,2025-05-13 07:21:15,50.00,100.00,100.00,0.00
1747120877.4152837,2025-05-13 07:21:17,62.50,100.00,100.00,10.00
1747120879.5181344,2025-05-13 07:21:19,33.30,10.00,100.00,88.90
1747120881.6211047,2025-05-13 07:21:21,27.30,70.00,100.00,36.40
1747120883.7241213,2025-05-13 07:21:23,33.30,100.00,100.00,9.10
1747120885.8271437,2025-05-13 07:21:25,18.20,10.00,100.00,100.00
1747120887.929932,2025-05-13 07:21:27,30.80,100.00,100.00,0.00
1747120890.0333717,2025-05-13 07:21:30,100.00,100.00,100.00,11.10
1747120892.187864,2025-05-13 07:21:32,66.70,75.00,100.00,100.00
1747120894.2912717,2025-05-13 07:21:34,66.70,55.60,100.00,100.00
1747120896.3950868,2025-05-13 07:21:36,57.10,62.50,100.00,100.00
1747120898.499545,2025-05-13 07:21:38,88.90,100.00,100.00,100.00
1747120900.603139,2025-05-13 07:21:40,88.90,100.00,100.00,100.00
1747120902.7073653,2025-05-13 07:21:42,100.00,100.00,100.00,100.00
1747120904.811087,2025-05-13 07:21:44,100.00,100.00,100.00,100.00
1747120906.915876,2025-05-13 07:21:46,100.00,100.00,100.00,100.00
1747120909.0187335,2025-05-13 07:21:49,11.10,30.00,100.00,100.00
1747120911.1626933,2025-05-13 07:21:51,30.00,0.00,100.00,100.00
1747120913.2656112,2025-05-13 07:21:53,40.00,18.20,100.00,100.00
1747120915.368723,2025-05-13 07:21:55,22.20,0.00,100.00,100.00
1747120917.4714909,2025-05-13 07:21:57,36.40,100.00,100.00,0.00
1747120919.57418,2025-05-13 07:21:59,41.70,0.00,100.00,100.00
1747120921.67716,2025-05-13 07:22:01,22.20,11.10,100.00,88.90
1747120923.7802584,2025-05-13 07:22:03,38.50,10.00,100.00,100.00
1747120925.8833046,2025-05-13 07:22:05,30.00,100.00,100.00,11.10
1747120927.986253,2025-05-13 07:22:07,36.40,100.00,100.00,0.00
1747120930.092625,2025-05-13 07:22:10,100.00,100.00,36.40,100.00
1747120932.2535765,2025-05-13 07:22:12,77.80,100.00,100.00,100.00
1747120934.3571093,2025-05-13 07:22:14,77.80,100.00,100.00,100.00
1747120936.461288,2025-05-13 07:22:16,77.80,90.00,100.00,100.00
1747120938.5657113,2025-05-13 07:22:18,66.70,87.50,100.00,100.00
1747120940.6708858,2025-05-13 07:22:20,75.00,88.90,100.00,100.00
1747120942.7743304,2025-05-13 07:22:22,71.40,80.00,100.00,100.00
1747120944.8778481,2025-05-13 07:22:24,75.00,87.50,100.00,100.00
1747120946.9811144,2025-05-13 07:22:26,66.70,75.00,100.00,100.00
1747120949.084272,2025-05-13 07:22:29,66.70,71.40,100.00,100.00
1747120951.188939,2025-05-13 07:22:31,62.50,87.50,100.00,100.00
1747120953.2923303,2025-05-13 07:22:33,77.80,88.90,100.00,100.00
1747120955.3955278,2025-05-13 07:22:35,62.50,77.80,100.00,100.00
1747120957.4989128,2025-05-13 07:22:37,62.50,77.80,100.00,100.00
1747120959.6019957,2025-05-13 07:22:39,100.00,100.00,100.00,100.00
1747120961.7061446,2025-05-13 07:22:41,90.00,100.00,100.00,100.00
1747120963.8094587,2025-05-13 07:22:43,88.90,100.00,100.00,100.00
1747120965.915751,2025-05-13 07:22:45,100.00,100.00,100.00,100.00
1747120968.0191412,2025-05-13 07:22:48,100.00,100.00,100.00,100.00
1747120970.1231167,2025-05-13 07:22:50,75.00,100.00,100.00,100.00
1747120972.226196,2025-05-13 07:22:52,62.50,100.00,100.00,100.00
1747120974.3295217,2025-05-13 07:22:54,75.00,88.90,100.00,100.00
1747120976.4344366,2025-05-13 07:22:56,77.80,88.90,100.00,100.00
1747120978.5375893,2025-05-13 07:22:58,20.00,22.20,100.00,100.00
1747120980.6841414,2025-05-13 07:23:00,25.00,100.00,100.00,10.00
1747120982.787122,2025-05-13 07:23:02,41.70,11.10,100.00,100.00
1747120984.890035,2025-05-13 07:23:04,33.30,100.00,100.00,0.00
1747120986.993144,2025-05-13 07:23:06,33.30,100.00,100.00,10.00
1747120989.0963387,2025-05-13 07:23:09,100.00,100.00,11.10,100.00
1747120991.277107,2025-05-13 07:23:11,77.80,88.90,100.00,100.00
1747120993.380829,2025-05-13 07:23:13,77.80,77.80,100.00,100.00
1747120995.4851632,2025-05-13 07:23:15,71.40,87.50,100.00,100.00
1747120997.5891533,2025-05-13 07:23:17,75.00,80.00,100.00,100.00
1747120999.6922622,2025-05-13 07:23:19,88.90,100.00,100.00,100.00
1747121001.798475,2025-05-13 07:23:21,88.90,100.00,100.00,100.00
1747121003.9015224,2025-05-13 07:23:23,85.70,100.00,100.00,100.00
1747121006.006634,2025-05-13 07:23:26,88.90,100.00,100.00,100.00
1747121008.1102705,2025-05-13 07:23:28,57.10,87.50,100.00,100.00
1747121010.2134824,2025-05-13 07:23:30,66.70,81.80,100.00,100.00
1747121012.3164499,2025-05-13 07:23:32,66.70,75.00,100.00,100.00
1747121014.4203947,2025-05-13 07:23:34,71.40,85.70,100.00,100.00
1747121016.5242727,2025-05-13 07:23:36,62.50,77.80,100.00,100.00
1747121018.6277704,2025-05-13 07:23:38,33.30,33.30,100.00,100.00
1747121020.775955,2025-05-13 07:23:40,50.00,100.00,100.00,0.00
1747121022.8788323,2025-05-13 07:23:42,44.40,0.00,100.00,100.00
1747121024.9823413,2025-05-13 07:23:44,55.60,11.10,100.00,100.00
1747121027.0855615,2025-05-13 07:23:47,50.00,100.00,100.00,10.00
1747121029.1887429,2025-05-13 07:23:49,100.00,100.00,100.00,22.20
1747121031.3401632,2025-05-13 07:23:51,50.00,66.70,100.00,100.00
1747121033.4433506,2025-05-13 07:23:53,62.50,77.80,100.00,100.00
1747121035.5488782,2025-05-13 07:23:55,75.00,37.50,100.00,100.00
1747121037.6519814,2025-05-13 07:23:57,50.00,62.50,100.00,100.00
1747121039.7558835,2025-05-13 07:23:59,75.00,88.90,100.00,100.00
1747121041.8626823,2025-05-13 07:24:01,62.50,88.90,100.00,100.00
1747121043.9658568,2025-05-13 07:24:03,70.00,75.00,100.00,100.00
1747121046.0693986,2025-05-13 07:24:06,75.00,80.00,100.00,100.00
1747121048.1733665,2025-05-13 07:24:08,71.40,88.90,100.00,100.00
1747121050.279185,2025-05-13 07:24:10,75.00,100.00,100.00,100.00
1747121052.382675,2025-05-13 07:24:12,75.00,90.00,100.00,100.00
1747121054.485503,2025-05-13 07:24:14,77.80,88.90,100.00,100.00
1747121056.5886729,2025-05-13 07:24:16,62.50,88.90,100.00,100.00
1747121058.691464,2025-05-13 07:24:18,30.00,30.00,100.00,100.00
1747121060.8369546,2025-05-13 07:24:20,33.30,100.00,100.00,10.00
1747121062.9399428,2025-05-13 07:24:22,30.00,100.00,100.00,0.00
1747121065.0430317,2025-05-13 07:24:25,33.30,0.00,100.00,100.00
1747121067.1461635,2025-05-13 07:24:27,33.30,100.00,100.00,20.00
1747121069.2497354,2025-05-13 07:24:29,75.00,0.00,100.00,100.00
1747121071.353128,2025-05-13 07:24:31,85.70,0.00,100.00,100.00
1747121073.456507,2025-05-13 07:24:33,75.00,0.00,100.00,100.00
1747121075.5606692,2025-05-13 07:24:35,80.00,0.00,100.00,100.00
1747121077.6646068,2025-05-13 07:24:37,75.00,100.00,100.00,11.10
1747121079.7679322,2025-05-13 07:24:39,100.00,100.00,30.00,100.00
1747121081.9393427,2025-05-13 07:24:41,100.00,100.00,100.00,100.00
1747121084.042812,2025-05-13 07:24:44,100.00,100.00,100.00,100.00
1747121086.146165,2025-05-13 07:24:46,100.00,100.00,100.00,100.00
1747121088.2511084,2025-05-13 07:24:48,50.00,100.00,100.00,100.00
1747121090.3543963,2025-05-13 07:24:50,50.00,66.70,100.00,100.00
1747121092.457665,2025-05-13 07:24:52,50.00,66.70,100.00,100.00
1747121094.5605056,2025-05-13 07:24:54,42.90,66.70,100.00,100.00
1747121096.715042,2025-05-13 07:24:56,88.90,11.10,100.00,100.00
1747121098.8225935,2025-05-13 07:24:58,100.00,100.00,11.10,100.00
1747121100.9834738,2025-05-13 07:25:00,85.70,90.00,100.00,100.00
1747121103.0910556,2025-05-13 07:25:03,77.80,90.00,100.00,100.00
1747121105.1963809,2025-05-13 07:25:05,75.00,100.00,100.00,100.00
1747121107.2997346,2025-05-13 07:25:07,77.80,90.00,100.00,100.00
1747121109.4025564,2025-05-13 07:25:09,27.30,30.00,100.00,100.00
1747121111.7841098,2025-05-13 07:25:11,22.20,25.00,45.50,37.50
1747121113.888257,2025-05-13 07:25:13,33.30,100.00,100.00,100.00
1747121115.9934099,2025-05-13 07:25:15,70.00,100.00,100.00,100.00
1747121118.0965605,2025-05-13 07:25:18,100.00,100.00,100.00,100.00
1747121120.2641668,2025-05-13 07:25:20,88.90,88.90,100.00,100.00
1747121122.3670454,2025-05-13 07:25:22,62.50,80.00,100.00,100.00
1747121124.470267,2025-05-13 07:25:24,62.50,100.00,100.00,100.00
1747121126.5736225,2025-05-13 07:25:26,75.00,88.90,100.00,100.00
1747121128.6772435,2025-05-13 07:25:28,44.40,50.00,100.00,100.00
1747121130.826302,2025-05-13 07:25:30,71.40,0.00,0.00,11.10
1747121132.9291124,2025-05-13 07:25:32,62.50,0.00,0.00,0.00
1747121135.0320973,2025-05-13 07:25:35,70.00,0.00,0.00,0.00
1747121137.134912,2025-05-13 07:25:37,62.50,12.50,0.00,0.00
1747121139.2377005,2025-05-13 07:25:39,70.00,11.10,0.00,11.10
1747121141.3412695,2025-05-13 07:25:41,57.10,0.00,0.00,0.00
1747121143.4445524,2025-05-13 07:25:43,71.40,0.00,0.00,0.00
1747121145.5478141,2025-05-13 07:25:45,75.00,0.00,11.10,0.00
1747121147.6510925,2025-05-13 07:25:47,75.00,12.50,0.00,0.00
1747121149.7543755,2025-05-13 07:25:49,100.00,22.20,0.00,0.00
1747121151.905274,2025-05-13 07:25:51,100.00,100.00,12.50,12.50
1747121154.008942,2025-05-13 07:25:54,100.00,100.00,11.10,0.00
1747121156.1127193,2025-05-13 07:25:56,100.00,100.00,22.20,12.50
1747121158.2161508,2025-05-13 07:25:58,30.00,90.90,33.30,12.50
1747121160.3613374,2025-05-13 07:26:00,22.20,0.00,0.00,10.00
1747121162.4635994,2025-05-13 07:26:02,22.20,0.00,0.00,9.10
1747121164.5658572,2025-05-13 07:26:04,22.20,0.00,0.00,0.00
1747121166.6679764,2025-05-13 07:26:06,22.20,0.00,10.00,0.00
1747121168.7703056,2025-05-13 07:26:08,22.20,11.10,0.00,0.00
1747121170.8726306,2025-05-13 07:26:10,22.20,0.00,10.00,0.00
1747121172.9749963,2025-05-13 07:26:12,22.20,0.00,0.00,0.00
1747121175.0773919,2025-05-13 07:26:15,12.50,0.00,0.00,0.00
1747121177.1797302,2025-05-13 07:26:17,22.20,0.00,0.00,0.00
1747121179.282647,2025-05-13 07:26:19,37.50,11.10,0.00,0.00
1747121181.3856478,2025-05-13 07:26:21,55.60,11.10,10.00,0.00
1747121183.4882586,2025-05-13 07:26:23,44.40,0.00,0.00,0.00
1747121185.5910375,2025-05-13 07:26:25,50.00,0.00,0.00,0.00
1747121187.6938257,2025-05-13 07:26:27,55.60,0.00,0.00,0.00
1747121190.0206916,2025-05-13 07:26:30,42.90,44.40,33.30,50.00
1747121192.1247516,2025-05-13 07:26:32,50.00,100.00,100.00,100.00
1747121194.2300148,2025-05-13 07:26:34,62.50,100.00,100.00,100.00
1747121196.333094,2025-05-13 07:26:36,57.10,100.00,100.00,100.00
1747121198.4369497,2025-05-13 07:26:38,90.00,100.00,100.00,100.00
1747121200.5423114,2025-05-13 07:26:40,100.00,100.00,100.00,100.00
1747121202.7140543,2025-05-13 07:26:42,50.00,60.00,100.00,100.00
1747121204.8186476,2025-05-13 07:26:44,87.50,33.30,100.00,100.00
1747121206.922825,2025-05-13 07:26:46,71.40,40.00,100.00,100.00
1747121209.025827,2025-05-13 07:26:49,20.00,20.00,100.00,100.00
1747121211.8104303,2025-05-13 07:26:51,33.30,100.00,100.00,100.00
1747121213.9133682,2025-05-13 07:26:53,20.00,100.00,100.00,100.00
1747121216.0172954,2025-05-13 07:26:56,41.70,100.00,100.00,100.00
1747121218.1217048,2025-05-13 07:26:58,100.00,100.00,100.00,100.00
1747121220.291232,2025-05-13 07:27:00,80.00,100.00,100.00,100.00
1747121222.394165,2025-05-13 07:27:02,66.70,88.90,100.00,100.00
1747121224.49716,2025-05-13 07:27:04,66.70,100.00,100.00,100.00
1747121226.6003504,2025-05-13 07:27:06,71.40,88.90,100.00,100.00
1747121228.7030733,2025-05-13 07:27:08,0.00,9.10,100.00,100.00
1747121230.838667,2025-05-13 07:27:10,11.10,100.00,100.00,100.00
1747121232.943152,2025-05-13 07:27:12,10.00,100.00,100.00,100.00
1747121235.0458643,2025-05-13 07:27:15,0.00,100.00,100.00,100.00
1747121237.1489446,2025-05-13 07:27:17,16.70,100.00,100.00,100.00