Random waveform, random seed
Total number of intervals = 90 (94860, 7282, 47811, 89476, 162039, 113730, 32894, 162836, 34215, 133459, 160388, 31349, 94502, 112041, 10514, 113258, 152653, 52550, 115943, 138524, 73092, 81117, 33322, 6102, 161065, 24322, 132189, 178629, 165373, 148118, 123844, 94937, 61160, 96487, 39424, 179895, 91883, 19117, 138920, 78055, 17895, 82842, 150589, 10150, 122711, 128403, 69202, 157173, 64141, 146338, 135108, 50769, 100572, 91667, 67580, 11701, 109698, 170540, 25461, 21366, 145223, 126709, 123838, 176201, 135054, 29310, 131532, 158458, 129392, 57516, 107404, 126127, 137512, 36346, 84801, 167785, 96492, 134045, 32288, 133548, 86618, 84989, 178933, 23192, 28608, 65344, 66856, 97777, 16514, 140949)
Average QPS expected = 95340
Timestamp start: 1747120327726
Timestamp end: 1747121228025

#type       avg     std     min      p5     p10     p50     p67     p75     p80     p85     p90     p95     p99    p999   p9999      QPS   target
read      229.1   132.9    63.8   103.8   113.8   194.8   257.3   297.5   325.0   354.3   388.5   436.3   548.6  1037.3  3929.3  94872.7    94860
read      198.2   185.6    80.4   134.9   144.7   182.2   198.2   207.8   214.9   224.3   236.3   262.0   418.6  2678.2  7865.2   7271.4     7282
read      243.0   237.8    74.4   104.1   114.8   213.3   266.7   296.1   316.2   338.7   365.5   404.8   616.7  3811.2  7635.6  47751.8    47811
read      250.8   255.3    68.9   104.1   114.3   200.0   268.8   315.0   347.5   382.6   422.9   484.4   726.0  3400.4  9478.0  89352.7    89476
read      274.7   232.5    68.9   122.9   138.9   233.7   283.0   314.2   340.0   373.6   422.5   500.7  1308.3  2589.6  7668.2 161868.5   162039
read      210.3   121.9    68.9   106.6   116.9   186.4   230.9   258.8   278.8   302.4   332.2   374.3   470.8   888.1  4355.5 113884.0   113730
read      215.9    97.5    74.4   112.1   124.2   211.8   243.7   260.5   272.0   286.1   303.6   331.9   397.3   851.2  3317.2  33054.7    32894
read      338.3   274.6    68.9   136.4   157.4   266.0   322.6   369.7   417.6   485.3   565.2   698.3  1500.1  2660.9  6377.5 162970.0   162836
read      210.8    85.9    68.9   108.5   119.8   206.3   241.0   259.2   271.4   285.6   302.7   329.6   384.6   496.9  2032.3  34150.0    34215
read      240.0   188.5    68.9   112.0   124.1   200.7   243.6   270.3   290.8   316.5   352.9   423.8  1272.2  2039.4  3445.0 133321.1   133459
read      279.6   149.2    68.9   123.1   139.3   244.1   306.4   347.5   382.7   426.4   480.3   549.8   678.4   870.3  3157.8 160513.1   160388
read      226.4   101.9    74.4   113.2   126.4   217.9   257.0   277.7   292.3   309.5   330.9   363.5   432.7   633.1  3044.5  31322.4    31349
read      260.3   152.9    68.9   110.7   122.0   207.9   285.6   346.7   388.4   430.0   477.9   540.9   667.9   980.5  2877.6  94350.8    94502
read      229.0   148.7    68.9   109.5   120.1   195.5   242.5   272.8   295.9   324.3   361.7   423.5   762.5  1521.9  2990.2 112057.7   112041
read      200.0   106.6    80.4   127.8   141.9   192.8   213.4   225.4   233.6   244.9   258.8   281.8   338.8   928.1  3696.3  10583.4    10514
read      243.9   162.2    68.9   111.0   122.4   201.5   258.1   298.1   329.9   367.0   411.8   483.5   692.4  1795.5  3692.9 113290.4   113258
read      285.9   173.9    74.4   125.5   141.9   249.4   311.1   351.1   384.5   426.9   480.8   552.7   694.4  1724.4  4602.9 152606.6   152653
read      241.9   126.6    74.4   107.0   117.7   222.0   280.7   313.8   337.2   363.1   393.3   433.8   520.7   778.7  4077.1  52564.2    52550
read      235.2   160.4    68.9   111.2   122.5   200.2   248.7   279.2   302.6   331.4   369.2   432.8   747.4  1944.2  3403.3 115999.6   115943
read      240.5   153.4    68.9   117.4   130.9   214.6   261.2   289.0   310.0   335.5   369.2   425.3   581.7  1935.1  4237.8 138614.3   138524
read      247.6   153.1    74.4   107.1   117.3   210.2   283.1   326.5   357.4   390.8   428.4   484.5   584.0  1101.3  4798.8  73037.7    73092
read      250.6   136.9    68.9   107.8   118.3   206.0   284.2   335.5   370.6   406.8   448.6   505.4   611.9   852.4  1948.6  81132.1    81117
read      234.7   111.9    74.4   112.4   125.2   221.0   270.6   295.6   312.3   330.7   352.4   384.3   451.3  1230.9  3055.6  33323.1    33322
read      193.0   101.4    80.4   140.0   150.3   186.1   200.6   209.9   216.2   224.8   234.8   253.4   310.8  1076.4  4373.3   6147.3     6102
read      300.7   242.9    68.9   128.4   145.6   251.9   307.2   343.8   374.6   416.2   471.4   562.8  1405.7  2692.3  6909.8 160633.4   161065
read      223.8   149.7    74.4   116.1   130.8   213.0   243.6   260.5   272.0   286.1   303.7   332.6   417.3  2191.5  4946.3  24367.2    24322
read      278.8   294.1    68.9   115.3   129.0   211.9   255.3   283.0   305.3   335.2   384.2   679.1  1535.6  3066.8  7400.5 132205.2   132189
read      318.6   203.4    68.9   134.9   153.8   274.2   343.3   395.8   440.7   492.3   548.7   625.2   768.3  2087.2  6786.6 178846.0   178629
read      306.3   197.1    74.4   135.8   155.7   266.5   326.8   372.5   411.3   456.9   507.9   579.2   744.3  2227.2  6777.1 165433.4   165373
read      242.0   164.0    63.8   119.3   133.6   216.5   261.0   287.9   308.3   333.4   367.5   424.2   569.5  2400.3  6029.7 147971.9   148118
read      217.8   162.6    68.9   109.6   120.2   190.6   233.3   260.6   280.6   304.6   335.4   381.7   506.2  2070.5  7129.3 123867.7   123844
read      246.4   191.5    68.9   105.9   116.2   197.8   266.6   315.7   351.0   388.6   430.6   493.8   638.1  2417.9  6980.7  94880.8    94937
read      253.3   288.2    68.9   103.8   113.9   215.1   275.8   311.6   336.2   362.8   393.4   436.4   664.0  5239.0  8192.2  61229.2    61160
read      253.5   248.3    68.9   106.4   116.9   199.5   270.0   321.9   358.4   395.5   437.1   501.9   686.0  3112.6  9110.3  96494.0    96487
read      238.1   178.0    74.4   106.3   117.8   215.8   265.4   291.9   309.3   328.6   352.5   389.1   554.1  2676.8  4623.0  39452.1    39424
read      321.3   239.9    68.9   138.9   158.7   271.9   334.7   382.2   422.1   467.9   521.0   594.6  1285.3  2933.7  7374.3 179901.4   179895
read      240.4   221.0    68.9   106.0   116.5   198.0   255.3   293.9   323.7   359.4   401.1   463.6   628.8  3003.0  8280.5  91937.6    91883
read      211.5   111.6    74.4   113.7   129.7   202.1   229.8   245.4   256.5   270.0   287.5   314.5   399.9  1419.6  3357.6  19148.1    19117
read      233.2   198.1    68.9   112.8   125.1   200.5   242.8   268.6   288.1   311.9   343.7   398.3   863.0  2665.0  7414.0 139013.4   138920
read      240.2   205.2    68.9   105.2   115.2   203.2   266.0   302.6   328.6   358.5   394.2   446.7   582.5  3005.7  7181.7  77974.7    78055
read      213.4   136.3    74.4   116.4   133.1   203.5   229.7   244.4   254.9   268.3   285.0   311.5   401.2  1728.6  6196.3  17980.8    17895
read      256.0   285.6    68.9   104.4   114.4   204.2   273.9   318.8   350.1   383.7   422.4   480.8   768.3  4413.8  8620.1  82886.9    82842
read      259.2   208.8    68.9   119.5   134.2   223.1   270.9   300.1   322.7   352.6   394.0   468.1   954.3  2484.8  7798.0 150806.3   150589
read      197.3   146.2    74.4   126.9   142.6   187.0   204.7   214.9   222.4   231.5   244.4   267.2   345.9  2087.1  6573.8  10128.0    10150
read      251.9   260.5    68.9   110.1   121.4   198.5   243.8   272.5   295.0   323.8   367.6   480.0  1362.1  3059.4  7950.6 122583.2   122711
read      220.4   147.7    68.9   110.7   121.8   194.6   236.9   263.7   283.3   306.9   337.3   385.0   522.8  2118.5  4576.7 128129.5   128403
read      249.9   276.4    68.9   102.8   112.5   209.4   272.1   309.9   336.2   365.3   399.3   450.3   653.9  4603.4  8571.6  69310.3    69202
read      334.3   279.0    74.4   136.4   156.1   273.6   338.5   386.4   428.6   481.6   545.3   644.2  1453.9  3270.8  7713.1 157300.4   157173
read      234.9   140.9    68.9   104.6   115.0   212.7   269.2   301.1   323.2   348.9   380.5   426.1   527.2  1294.2  5416.8  64271.8    64141
read      263.2   206.0    68.9   122.1   137.2   226.5   274.0   303.5   326.1   355.5   396.9   471.4  1124.6  2619.1  6113.5 146245.5   146338
read      232.4   144.0    63.8   116.4   129.4   207.3   251.1   277.5   297.2   321.1   353.7   403.4   556.4  1844.2  4441.8 135115.7   135108
read      234.5   116.8    74.4   107.4   117.9   218.0   271.0   301.2   321.5   344.6   371.8   409.0   485.6   767.6  3279.4  50711.5    50769
read      252.2   152.8    68.9   109.6   120.3   200.8   273.1   333.8   375.4   415.2   459.1   522.7   640.7  1053.8  3875.0 100506.6   100572
read      242.9   134.6    68.9   107.0   117.3   199.7   271.2   323.2   358.6   394.0   432.3   486.8   587.7   787.0  3182.1  91735.6    91667
read      236.4   127.2    68.9   103.7   113.7   209.6   273.4   311.9   337.7   365.8   397.4   439.8   531.1   853.5  3216.7  67592.7    67580
read      192.8    63.9    80.4   124.2   140.0   188.6   208.0   218.4   226.5   234.8   248.0   268.1   313.9   492.2  3022.8  11748.8    11701
read      223.1   124.6    68.9   107.5   117.8   190.7   239.6   272.4   297.4   328.4   369.1   432.7   598.6  1013.7  2887.0 109541.0   109698
read      326.4   202.3    68.9   142.1   163.4   285.9   346.4   392.4   434.7   491.0   553.8   634.9   781.5  2004.6  6477.8 170545.8   170540
read      218.9    85.4    68.9   114.8   128.6   211.3   246.3   265.7   279.0   294.2   313.5   341.3   401.3   619.4  2254.5  25443.7    25461
read      213.0    84.1    74.4   115.8   130.7   207.2   237.4   254.5   266.7   280.2   296.6   320.8   373.2   553.2  3589.1  21295.7    21366
read      313.6   299.6    68.9   124.8   141.4   243.2   294.2   329.1   359.8   403.0   479.5   658.0  1565.3  3283.2  7346.8 145156.6   145223
read      222.4   134.6    68.9   111.9   123.6   197.3   240.0   266.7   286.5   310.6   341.6   389.9   523.8  1710.5  3422.3 126868.6   126709
read      222.0   145.7    68.9   111.4   122.7   196.6   239.8   267.0   287.2   311.3   342.1   390.1   523.3  1581.6  5236.8 123767.0   123838
read      334.8   189.3    74.4   149.9   173.1   295.7   356.6   402.6   447.4   501.2   558.9   633.2   773.7  1809.4  5494.0 176506.1   176201
read      246.1   169.9    68.9   118.0   131.7   217.4   264.7   293.8   316.6   345.6   387.8   457.5   598.2  1893.0  6914.4 135119.6   135054
read      221.7    93.7    74.4   111.9   125.3   213.0   252.0   272.7   287.1   302.8   320.9   349.7   406.8   803.4  3042.8  29235.7    29310
read      249.3   239.0    68.9   112.8   125.2   202.2   243.8   269.6   289.7   315.0   351.1   424.6  1430.5  2663.9  7059.7 131394.7   131532
read      253.0   148.7    68.9   124.3   139.9   227.7   273.7   302.1   323.4   350.7   388.3   448.4   585.2  2118.2  3765.1 158258.5   158458
read      218.3   135.9    63.8   111.0   122.2   194.2   235.0   261.1   280.3   303.6   333.9   379.6   498.5  1704.5  3737.7 129592.1   129392
read      237.9   152.7    68.9   105.1   115.4   215.8   274.2   308.5   331.7   356.9   385.7   425.1   507.3  1029.1  6040.1  57474.7    57516
read      223.9   134.0    68.9   108.3   118.6   192.9   240.4   271.2   294.3   321.6   359.4   420.9   630.1  1298.1  3406.9 107572.3   107404
read      222.1   141.4    68.9   111.9   123.6   197.5   239.8   266.3   285.9   309.4   339.8   387.0   509.3  1813.1  4022.1 126100.5   126127
read      225.8   145.7    68.9   113.4   126.1   201.1   242.9   268.5   287.8   311.2   341.8   391.2   538.1  1974.0  3841.0 137525.1   137512
read      227.7   119.9    68.9   109.7   121.8   215.1   260.1   284.5   300.8   318.3   340.7   370.9   433.7  1212.6  3633.9  36360.8    36346
read      242.2   137.9    68.9   106.1   116.3   202.2   274.2   321.4   354.0   387.6   425.1   477.6   578.4   804.4  3179.3  84840.0    84801
read      356.7   273.1    68.9   155.5   180.9   292.7   350.6   398.0   441.9   495.1   556.2   657.6  1512.9  3266.6  7074.2 167732.4   167785
read      241.8   166.0    68.9   111.3   122.6   204.4   259.4   294.5   321.0   355.0   398.9   470.5   663.7  1661.8  5459.4  96600.9    96492
read      274.4   255.6    68.9   121.3   136.5   226.8   274.4   303.5   326.0   355.6   398.1   492.3  1473.6  3328.1  7210.6 134001.4   134045
read      232.0   132.5    74.4   111.2   124.0   217.6   259.1   281.2   296.2   313.9   336.6   371.6   508.0  1732.9  3466.9  32291.4    32288
read      235.3   207.2    68.9   113.6   126.1   202.2   245.8   272.2   292.3   316.3   347.7   400.2   709.1  3083.1  7417.2 133399.6   133548
read      233.9   135.0    68.9   106.1   116.6   203.3   265.1   303.0   329.1   357.5   390.0   435.0   542.2  1172.7  4132.1  86584.6    86618
read      232.5   114.6    68.9   105.5   115.8   204.5   267.5   305.1   330.4   358.0   389.2   432.7   528.8   677.4  2489.5  84820.3    84989
read      343.6   252.7    74.4   154.4   179.3   288.5   344.4   387.2   422.4   464.5   517.6   608.6  1478.2  2916.2  7008.0 179029.9   178933
read      216.8    79.5    74.4   117.4   132.0   213.9   242.9   258.7   269.7   282.9   298.8   323.7   373.6   469.1  2368.9  23154.5    23192
read      220.8    82.4    74.4   115.2   129.6   217.3   250.5   268.1   280.2   294.0   312.0   338.4   391.1   501.2  1958.7  28589.9    28608
read      227.8   107.7    68.9   104.7   115.1   211.1   265.0   294.4   314.4   336.8   363.5   400.5   481.2   616.8  2402.5  65296.6    65344
read      244.0   229.1    68.9   102.6   112.5   211.2   273.4   309.1   333.8   361.3   393.8   440.8   578.0  3056.4  8109.9  66858.7    66856
read      240.0   236.4    68.9   104.8   114.9   193.1   249.9   287.2   315.6   351.2   397.2   469.6   713.9  3234.3  8369.9  97483.6    97777
read      221.7   187.7    74.4   114.4   132.1   200.1   227.9   243.9   255.4   270.1   290.1   324.1   855.2  2904.8  7214.6  16457.2    16514
read      247.3   224.1    68.9   114.8   128.5   213.1   260.3   288.8   310.4   337.0   373.2   440.9   705.0  2697.6  8815.0 140877.4   140949

Total QPS = 95335.8 (85802264 / 900.0s)

Total connections = 64
Misses = 0 (0.0%)
Skipped TXs = 0 (0.0%)

RX 21193158714 bytes :   22.5 MB/s
TX          0 bytes :    0.0 MB/s
Warning! Detected max cpu usage > 95%
CPU Usage Stats (avg/min/max): 99.83%,21.61%,100.00%
