#type       avg     std     min      p5     p10     p50     p67     p75     p80     p85     p90     p95     p99    p999   p9999      QPS   target       ts_start         ts_end
read      226.6   171.8   118.1   155.5   163.9   206.8   228.3   240.4   249.7   260.7   274.0   299.9   529.1  2860.9  6172.3  29931.0    30000  1745444928785  1745444938928
read      227.1   188.4   118.1   154.9   163.0   203.0   224.4   236.0   245.8   255.7   270.3   295.6   781.1  3003.3  6189.2  29997.5    30005  1745444940439  1745444950561
read      228.1   212.6   118.1   154.6   162.5   202.1   222.7   233.9   243.0   252.9   267.3   292.5   920.4  3133.8  6338.8  29972.6    30010  1745444952071  1745444962173
read      226.8   190.5   118.1   153.0   161.9   203.9   225.9   237.9   247.4   257.8   271.5   295.5   738.5  2953.1  6316.6  29915.0    30015  1745444963683  1745444973779
read      227.9   197.4   118.1   154.4   162.6   203.4   224.5   236.0   245.9   256.3   271.2   296.9   805.5  2980.3  6340.4  30127.6    30020  1745444975289  1745444985388
read      228.4   203.2   118.1   154.7   163.2   203.4   224.4   235.9   245.6   255.6   270.5   295.6   822.4  3092.0  6317.6  29994.5    30025  1745444986897  1745444996999
read      229.3   211.5   109.4   154.2   162.9   204.0   225.6   237.2   246.6   256.7   270.7   295.1   876.3  3040.3  6344.9  30025.2    30030  1745444998511  1745445008608
read      233.0   199.2   118.1   155.9   164.3   207.7   229.4   242.2   251.7   263.7   278.1   308.9   817.4  3054.6  6259.2  30046.8    30035  1745445010120  1745445020219
read      226.1   193.3   118.1   154.6   162.7   202.9   223.5   234.8   244.0   253.7   268.3   293.2   765.7  3014.6  6249.9  29951.3    30040  1745445021729  1745445031826
read      227.5   192.9   118.1   154.2   162.4   203.5   224.6   236.1   246.1   256.6   271.2   296.6   807.1  2938.7  6286.7  30033.0    30045  1745445033336  1745445043434
read      226.1   201.0   109.4   151.5   160.1   200.7   221.6   233.7   243.2   253.7   269.3   296.3   816.3  3097.0  6226.2  30034.4    30050  1745445044944  1745445055040
read      225.3   189.2   109.4   153.3   161.9   201.5   221.8   233.7   243.0   253.3   267.9   292.2   803.7  2876.0  6168.1  30098.8    30055  1745445056551  1745445066649
read      229.0   194.5   109.4   155.0   163.8   205.1   226.3   238.0   247.6   258.1   272.0   296.5   769.8  3022.2  6261.9  30141.0    30060  1745445068159  1745445078260
read      226.1   192.1   118.1   151.5   160.0   201.7   223.0   235.1   245.3   256.4   271.5   297.7   790.8  2999.0  6235.3  30121.0    30065  1745445079769  1745445089866
read      217.8    83.8   118.1   161.4   169.5   210.7   229.7   240.2   248.1   256.6   268.5   286.3   335.0   769.1  3489.5  30061.3    30070  1745445091376  1745445101477
read      216.9    81.8   118.1   162.1   170.0   210.5   228.8   238.8   246.9   254.9   267.2   284.6   328.2   568.7  3199.4  30050.7    30075  1745445102988  1745445113087
read      215.7    73.9   118.1   161.0   168.7   209.3   228.2   238.5   246.7   254.8   266.9   283.9   321.8   630.7  2880.8  30019.7    30080  1745445114597  1745445124694
read      216.7    87.8   127.6   162.4   170.0   209.5   227.5   237.1   245.5   253.9   266.3   284.0   333.4   777.3  3912.7  30107.2    30085  1745445126204  1745445136303
