Random waveform, supplied seed
Total number of intervals = 78 (8195, 158594, 149766, 10382, 170548, 150565, 137144, 143496, 144743, 116745, 129314, 144723, 117379, 119931, 132052, 143350, 143518, 172981, 94027, 170019, 179090, 47130, 19439, 128963, 23787, 61848, 101968, 108767, 97139, 158594, 141240, 41405, 57997, 133577, 53832, 139832, 170515, 128494, 20789, 63647, 64802, 55719, 174179, 106356, 178750, 105831, 110667, 8803, 45662, 30867, 45656, 100938, 132360, 67591, 33910, 85729, 12884, 45621, 36938, 56902, 102243, 14085, 94103, 58175, 151312, 83333, 165153, 123975, 28449, 14903, 31189, 40636, 80574, 168820, 162621, 101621, 58592, 153042)
Average QPS expected = 97032
Timestamp start: 1747210501805
Timestamp end: 1747211282042

#type       avg     std     min      p5     p10     p50     p67     p75     p80     p85     p90     p95     p99    p999   p9999      QPS   target
read      221.1   148.3    63.8   108.0   124.6   213.0   233.2   245.5   253.9   265.9   281.3   312.7   575.0  2060.7  5049.4   8209.7     8195
read      400.4   527.0    68.9   152.6   174.6   290.3   353.5   397.6   435.9   489.5   567.0   736.1  3320.3  6032.9 10241.9 158644.4   158594
read      263.1   189.7    63.8   120.7   135.7   228.2   283.0   316.4   342.3   374.7   420.6   496.8   691.3  2057.4  6994.0 149683.3   149766
read      209.7   118.7    63.8   108.7   124.7   205.2   226.7   237.5   246.8   256.5   270.8   294.4   403.3  1771.1  3440.2  10391.1    10382
read      387.4   359.4    63.8   163.8   187.7   304.5   370.6   419.3   461.6   517.9   594.6   773.6  1658.5  3870.3  8117.8 170312.1   170548
read      275.4   202.5    63.8   122.1   138.3   241.9   300.7   336.8   364.6   398.6   443.8   515.8   691.8  2072.0  8083.4 150696.6   150565
read      246.3   177.8    63.8   115.6   129.2   214.3   262.8   291.1   312.5   338.9   374.4   440.2   708.0  2482.0  4303.3 137214.3   137144
read      238.2   155.0    63.8   115.0   128.2   209.9   257.7   285.9   306.8   332.3   366.8   426.2   612.2  1931.2  4360.3 143301.9   143496
read      234.4   160.3    63.8   114.9   128.1   208.1   253.8   280.9   300.9   325.1   358.3   412.2   571.0  2133.6  6056.0 144488.3   144743
read      219.1   158.0    63.8   108.7   119.1   191.5   237.5   265.6   285.1   307.8   336.6   381.1   522.6  2437.3  5510.9 116625.4   116745
read      221.8   150.0    63.8   110.3   121.3   194.7   240.0   267.5   287.3   310.5   340.3   389.3   550.1  1780.1  4621.1 129382.1   129314
read      240.0   179.7    63.8   116.0   129.5   211.9   259.2   287.3   308.1   333.5   367.8   426.9   594.5  2455.2  6868.5 144714.4   144723
read      223.9   160.6    63.8   110.3   121.2   196.4   244.0   272.1   292.1   315.2   344.6   393.4   550.6  1786.3  5724.8 117374.9   117379
read      217.2   135.1    63.8   108.9   119.2   191.2   237.0   264.9   284.4   306.8   335.3   379.1   509.0  1843.7  3602.1 119927.2   119931
read      220.8   149.4    63.8   111.0   122.1   195.3   239.7   266.8   286.1   308.9   338.2   385.1   513.1  1951.4  4472.4 131932.5   132052
read      236.1   156.5    63.8   115.4   128.6   209.4   255.7   283.2   303.4   328.0   361.4   417.0   583.6  2249.7  4465.0 143422.7   143350
read      232.5   153.9    68.9   114.4   127.3   206.8   253.1   280.4   300.2   324.1   356.7   408.9   553.5  1937.0  5597.7 143525.5   143518
read      302.6   196.9    63.8   129.6   146.7   261.5   330.0   375.8   414.2   461.4   518.7   594.5   742.1  1902.6  7364.4 172930.0   172981
read      219.0   164.9    63.8   108.2   118.3   193.4   242.3   269.8   288.6   309.8   336.5   377.1   504.9  2025.1  6875.3  93973.3    94027
read      303.5   216.3    68.9   125.9   142.5   257.9   332.3   383.8   424.6   471.5   527.4   604.3   756.1  1813.7  7513.0 169873.5   170019
read      301.6   213.6    63.8   132.3   150.2   254.8   318.4   364.4   403.0   455.0   520.0   610.4   788.2  1881.8  7429.6 179102.6   179090
read      249.9   263.1    63.8   108.9   119.7   224.7   270.7   296.4   316.3   340.5   371.1   417.9   587.7  4707.4  7960.5  47043.8    47130
read      233.0   158.3    63.8   112.1   126.1   225.9   254.4   269.7   280.4   292.8   309.8   337.4   469.8  2296.9  7156.4  19443.4    19439
read      309.9   384.3    59.1   116.8   131.2   229.4   283.0   314.4   339.0   371.2   424.9   632.6  1918.1  3733.4  7980.6 128874.0   128963
read      243.2   181.7    63.8   112.5   126.1   233.0   266.4   283.9   295.8   311.3   331.0   365.3   573.6  2658.8  7566.5  23845.0    23787
read      286.6   342.3    63.8   109.9   121.4   247.3   307.9   343.4   369.4   398.4   433.8   493.7   964.3  5944.3  9142.5  61953.6    61848
read      313.4   360.6    63.8   111.5   123.8   221.2   278.1   311.0   337.3   374.5   470.9  1057.5  1671.5  3389.0  8005.7 101913.8   101968
read      214.6   126.7    59.1   107.4   117.3   188.3   235.9   264.8   284.6   306.8   334.1   374.8   508.4  1478.6  3135.7 108730.6   108767
read      214.4   137.4    63.8   106.8   116.5   189.4   239.8   268.7   288.1   309.8   336.5   376.1   483.8   993.3  5839.7  97157.7    97139
read      275.9   168.9    63.8   123.3   139.4   242.0   302.3   339.5   368.0   402.8   450.2   523.4   690.7  1843.1  4379.5 158710.9   158594
read      252.0   217.4    63.8   117.9   131.6   218.1   267.6   296.4   318.3   345.3   382.9   448.2   682.4  3336.1  7801.1 141430.1   141240
read      265.0   276.9    63.8   110.6   122.6   242.1   289.6   315.4   334.4   356.2   383.0   424.5   597.5  5047.7  7736.7  41377.4    41405
read      279.5   322.0    63.8   109.2   120.7   245.8   303.2   336.9   361.2   388.7   422.4   473.3   776.6  5317.0  9189.8  58050.8    57997
read      306.4   385.6    68.9   118.7   133.6   233.0   285.3   316.2   340.8   372.7   424.1   571.9  1888.3  4328.8  7907.2 133570.3   133577
read      269.7   281.0    63.8   109.1   120.3   242.0   295.2   325.9   348.6   375.4   408.3   462.2   705.0  4162.1  9103.6  53732.2    53832
read      268.4   317.5    63.8   116.5   130.5   219.1   266.2   294.0   315.7   343.1   382.6   457.1  1506.6  3529.1  8027.6 139856.2   139832
read      302.2   224.3    63.8   127.6   144.7   260.2   330.2   377.2   415.5   460.6   514.5   589.2   736.8  2143.0 10379.5 170366.6   170515
read      230.0   186.7    68.9   112.0   124.1   202.6   248.4   275.0   294.7   317.8   348.2   400.0   558.9  2352.8  7720.1 128447.9   128494
read      234.8   147.3    54.7   112.7   126.7   227.1   257.4   273.2   284.9   297.2   315.7   345.7   529.2  2002.5  4896.6  20729.7    20789
read      286.8   347.3    63.8   109.9   121.4   245.8   308.2   344.2   370.5   399.9   436.1   497.8  1051.7  6078.5 10232.1  63675.0    63647
read      281.9   333.6    63.8   109.0   120.2   244.1   306.9   343.9   370.7   400.6   436.8   496.3   864.9  5622.9 11151.1  64813.2    64802
read      274.2   303.1    63.8   109.0   120.3   245.3   300.8   332.6   355.5   381.5   413.3   463.2   689.6  5010.5  8763.3  55907.1    55719
read      380.9   372.9    68.9   155.9   179.6   301.3   368.1   415.3   456.1   509.9   587.4   740.1  1693.7  4264.4  9302.0 174415.1   174179
read      231.3   181.7    63.8   111.6   123.2   200.3   246.5   275.1   296.6   322.6   359.8   429.1   677.0  1527.0  5466.8 106353.5   106356
read      321.2   224.5    63.8   136.5   156.0   273.0   343.6   394.7   435.6   486.0   547.2   638.0   842.7  2056.5  8038.2 178759.6   178750
read      232.4   172.2    63.8   110.5   121.6   200.8   249.6   277.9   298.1   321.7   353.8   408.1   682.5  1991.0  4450.4 106037.6   105831
read      235.1   239.1    63.8   109.9   120.5   197.5   246.7   274.9   295.1   318.5   349.0   400.7   807.3  3379.1  7896.1 110411.2   110667
read      221.5   223.2    63.8   108.9   125.3   203.4   223.4   234.0   242.8   252.8   268.4   296.4   927.7  2886.0  7943.5   8814.8     8803
read      284.0   452.3    59.1   111.4   124.2   249.0   300.3   329.1   349.4   373.1   402.9   454.3   940.7  6170.9 25566.4  45639.3    45662
read      263.8   243.8    59.1   112.1   125.7   242.4   285.7   309.0   325.6   345.8   372.7   417.4   707.9  3630.1  7776.7  30858.7    30867
read      271.7   283.2    63.8   110.1   122.2   245.8   296.7   325.1   345.1   368.6   397.9   445.7   687.1  4871.6  7962.0  45678.7    45656
read      312.3   384.1    54.7   112.6   125.4   221.5   278.1   312.2   339.4   379.1   473.9   880.7  1820.6  4470.3  8244.3 100853.1   100938
read      237.4   179.0    63.8   114.1   127.0   209.2   258.2   286.6   307.5   332.7   366.4   421.8   578.1  2441.4  6851.1 132348.7   132360
read      259.5   175.5    54.7   108.3   119.2   233.0   293.1   327.3   353.3   383.6   421.4   477.9   651.4  2297.7  4553.5  67572.6    67591
read      263.9   279.4    63.8   111.4   124.1   239.1   282.7   306.6   323.5   344.4   371.9   417.6   719.9  4473.9  8141.7  33938.7    33910
read      248.8   256.8    63.8   109.0   119.4   207.7   265.2   295.9   318.2   346.0   387.4   463.6   773.2  3631.5  9498.6  85605.6    85729
read      219.8   146.7    63.8   113.2   130.0   214.1   236.4   250.0   259.8   271.2   287.2   313.1   404.5  1637.0  6740.8  12836.0    12884
read      297.6   373.5    63.8   111.4   124.0   254.5   309.6   341.5   364.7   391.5   426.0   487.7  1297.5  6190.3  8486.8  45642.6    45621
read      293.3   337.1    63.8   112.7   126.4   252.5   302.2   330.6   351.6   376.6   410.2   473.9  1420.9  4809.7  8027.9  36959.4    36938
read      286.7   347.0    63.8   109.1   120.7   247.3   307.2   342.1   367.6   397.1   434.7   499.7   972.6  6194.4 10307.8  56923.8    56902
read      333.8   402.1    63.8   114.4   128.1   229.8   286.9   320.2   348.1   390.5   492.6  1270.4  1799.0  3768.1  8207.6 102215.4   102243
read      237.1   168.1    59.1   115.5   132.7   228.7   256.4   271.3   282.3   294.6   312.5   341.3   478.1  2290.7  7709.3  14121.5    14085
read      320.6   400.2    63.8   113.7   126.7   228.4   288.2   322.7   351.2   391.0   466.9   918.4  1793.6  4514.0  9342.2  94049.8    94103
read      300.5   362.3    63.8   110.9   123.0   245.5   306.1   342.9   371.7   406.4   453.1   534.9  1774.1  5598.6  8068.0  58167.9    58175
read      405.1   489.4    63.8   156.3   181.3   318.3   384.5   428.4   465.5   516.7   591.4   721.3  3256.1  6549.3 10190.0 151379.9   151312
read      227.4   132.9    63.8   110.4   121.1   203.5   255.9   284.0   303.2   325.1   353.9   399.4   533.8  1283.2  4060.8  83358.9    83333
read      331.7   253.1    68.9   132.4   150.9   277.1   355.1   407.8   452.0   507.4   581.6   690.8   907.9  2967.0  8495.0 165141.3   165153
read      269.3   217.6    63.8   118.3   132.4   225.2   279.8   314.0   340.9   376.0   430.5   545.8   902.5  2774.9  7393.2 123917.9   123975
read      269.3   224.4    63.8   114.3   129.1   251.6   294.6   318.0   335.7   356.2   382.1   424.4   671.2  3374.6  7683.9  28427.8    28449
read      238.9   151.2    63.8   112.7   129.3   230.5   259.5   274.6   286.6   299.4   317.7   350.4   560.2  1962.8  7190.6  14954.1    14903
read      291.9   341.2    63.8   113.6   128.3   253.8   300.3   326.1   344.7   367.5   397.4   453.0  1474.6  4927.7  8101.3  31148.8    31189
read      285.8   310.3    63.8   111.8   125.2   254.8   307.1   336.7   358.2   382.8   414.4   467.9   900.8  5708.1  7916.7  40611.2    40636
read      260.6   194.3    63.8   112.2   124.1   220.0   278.1   311.2   336.3   369.5   423.4   533.9   844.6  2350.4  6248.2  80454.0    80574
read      334.2   192.5    68.9   141.1   161.9   292.2   362.2   409.7   452.8   508.6   577.7   669.1   827.1  1500.3  4783.5 168840.2   168820
read      341.9   198.3    68.9   150.0   172.6   294.6   363.6   411.2   453.0   508.6   583.7   688.2   889.4  1647.4  5586.3 162534.4   162621
read      216.5   106.8    59.1   109.5   119.9   196.0   243.1   269.8   288.0   308.5   334.0   372.8   484.5   939.4  2635.2 101602.9   101621
read      216.0    82.5    59.1   109.9   120.2   211.7   255.2   274.0   286.7   300.1   316.9   342.3   397.7   505.0  1691.9  58559.3    58592
read      240.1   110.3    68.9   121.0   135.3   218.8   265.3   292.8   313.3   338.0   370.6   424.9   547.7   806.4  1917.2 153059.4   153042

Total QPS = 97019.9 (75675488 / 780.0s)

Total connections = 64
Misses = 0 (0.0%)
Skipped TXs = 0 (0.0%)

RX 18691845536 bytes :   22.9 MB/s
TX          0 bytes :    0.0 MB/s
Warning! Detected max cpu usage > 95%
CPU Usage Stats (avg/min/max): 99.85%,42.21%,100.00%
