Random waveform, supplied seed
Total number of intervals = 156 (8195, 158594, 149766, 10382, 170548, 150565, 137144, 143496, 144743, 116745, 129314, 144723, 117379, 119931, 132052, 143350, 143518, 172981, 94027, 170019, 179090, 47130, 19439, 128963, 23787, 61848, 101968, 108767, 97139, 158594, 141240, 41405, 57997, 133577, 53832, 139832, 170515, 128494, 20789, 63647, 64802, 55719, 174179, 106356, 178750, 105831, 110667, 8803, 45662, 30867, 45656, 100938, 132360, 67591, 33910, 85729, 12884, 45621, 36938, 56902, 102243, 14085, 94103, 58175, 151312, 83333, 165153, 123975, 28449, 14903, 31189, 40636, 80574, 168820, 162621, 101621, 58592, 153042, 112238, 160265, 57109, 88551, 8385, 34088, 113600, 131842, 112066, 72585, 133669, 11820, 12639, 118548, 165754, 86823, 16898, 123124, 72278, 47757, 60510, 25237, 97783, 118966, 16631, 11743, 115026, 122371, 7198, 25022, 157513, 171975, 154918, 139185, 152724, 20845, 140348, 88725, 134088, 66126, 78214, 55191, 54081, 112478, 179666, 100584, 127920, 6594, 25020, 129587, 10277, 148458, 66114, 49261, 133049, 106628, 23498, 103564, 161774, 39037, 163622, 132405, 131596, 174543, 90567, 116582, 13888, 119224, 156471, 164013, 41909, 128280, 107066, 46119, 10227, 10870, 146664, 19865)
Average QPS expected = 93335
Timestamp start: 1747295002733
Timestamp end: 1747295783079

#type       avg     std     min      p5     p10     p50     p67     p75     p80     p85     p90     p95     p99    p999   p9999      QPS   target
read      214.2   173.5    80.4   126.0   143.4   205.0   223.1   232.7   240.4   250.0   263.1   285.3   399.3  2307.4  7645.5   8188.4     8195
read      346.8   517.4    74.4   135.3   154.6   264.4   313.6   344.4   370.2   403.0   454.2   549.0  3291.4  6372.9 12842.2 158311.8   158594
read      244.8   231.5    68.9   114.8   128.6   209.4   253.1   279.7   299.5   323.0   355.4   409.6   857.5  3364.1  6427.3 149506.2   149766
read      204.9   140.7    80.4   122.0   138.7   194.0   212.9   223.7   231.4   241.4   254.7   279.0   436.5  1964.2  6376.3  10354.4    10382
read      379.9   383.6    74.4   158.9   183.5   297.5   351.8   387.7   416.6   456.4   522.2  1040.4  1692.5  4689.3  8502.0 170368.4   170548
read      241.1   173.3    68.9   117.8   132.4   216.8   260.7   287.2   306.8   330.3   362.0   414.8   573.2  2404.4  7079.6 150359.8   150565
read      215.6   134.1    68.9   108.1   119.0   190.0   231.6   258.1   278.2   302.1   332.1   375.6   523.0  1773.8  3197.1 137194.4   137144
read      224.3   135.9    68.9   111.6   123.9   199.0   242.1   269.2   289.1   312.5   342.2   389.5   544.9  1788.1  3570.0 143461.8   143496
read      228.3   162.8    68.9   111.4   123.6   199.9   245.3   272.6   292.8   316.2   345.5   393.6   581.8  2323.7  5208.0 144535.0   144743
read      216.7   168.7    68.9   104.3   114.6   187.4   236.2   266.8   288.0   311.6   339.8   381.1   516.5  2118.8  7716.1 116949.0   116745
read      216.7   132.3    68.9   106.7   117.5   189.2   236.8   266.0   286.4   309.5   337.5   378.8   517.1  1619.4  3912.1 129474.6   129314
read      228.6   149.0    68.9   112.2   124.7   202.1   247.4   274.2   293.9   316.9   345.7   392.9   575.8  2184.2  3786.9 144968.0   144723
read      214.8   165.7    68.9   104.6   114.7   187.9   238.2   268.0   288.4   311.1   338.2   378.1   498.5  1248.5  8198.8 117419.8   117379
read      214.7   110.7    68.9   105.4   115.8   190.1   239.7   269.0   289.4   312.1   339.4   379.7   505.3  1163.1  2450.8 119921.8   119931
read      224.0   166.8    68.9   108.5   119.5   195.7   242.6   270.7   290.7   313.7   342.3   387.3   563.1  2433.2  6360.2 131903.8   132052
read      229.1   161.6    68.9   111.6   124.0   203.1   248.7   275.3   295.0   317.5   345.7   392.0   552.1  2288.4  4175.4 143432.6   143350
read      231.1   178.8    68.9   111.8   124.3   202.8   248.5   275.0   294.4   316.6   344.6   391.2   585.3  3086.1  4604.9 143378.0   143518
read      269.1   162.1    68.9   130.6   147.9   244.5   292.8   320.5   342.2   368.7   403.7   465.0   631.6  1958.4  5346.9 173155.4   172981
read      247.4   257.8    68.9   103.7   114.1   203.9   261.6   293.2   316.4   345.4   391.2   478.2   849.8  3323.3 10399.7  94319.4    94027
read      297.9   267.0    68.9   135.3   154.0   257.1   305.4   334.4   357.4   387.2   429.6   509.5  1390.6  3512.1  8693.2 169964.4   170019
read      293.4   197.2    74.4   130.8   149.3   258.6   322.7   363.9   393.4   427.2   468.4   532.1   675.0  2744.3  6736.9 179303.2   179090
read      260.5   319.6    74.4   104.1   115.3   227.1   277.0   304.9   324.8   348.2   377.5   425.9   828.2  5998.1  8409.8  47220.2    47130
read      220.1   130.9    68.9   111.5   127.1   212.7   238.6   253.2   264.0   275.3   293.1   320.2   437.1  1895.2  3400.5  19396.0    19439
read      370.5   471.3    68.9   119.5   136.4   248.2   301.7   336.3   366.9   418.8   613.0  1411.2  1884.1  4996.6  9198.2 129076.4   128963
read      228.3   161.0    74.4   109.4   122.8   216.9   246.6   263.0   274.3   289.2   308.4   341.4   594.6  2203.4  6277.5  23836.2    23787
read      261.1   279.2    68.9   101.9   112.2   230.6   287.1   318.5   341.6   367.2   398.3   448.9   817.2  4046.2  9584.6  61848.6    61848
read      257.5   260.6    68.9   106.3   117.4   207.0   265.6   299.8   326.8   363.9   424.1   537.1  1007.8  3175.7  9044.7 101737.2   101968
read      227.2   142.5    68.9   105.4   115.8   193.7   246.1   276.9   298.4   323.6   359.6   430.4   730.9  1477.4  3187.1 108637.8   108767
read      216.8   137.6    68.9   103.3   113.0   190.1   243.6   273.0   292.9   315.0   343.6   392.5   529.3  1182.0  5270.0  97069.2    97139
read      238.6   166.3    68.9   119.9   134.0   213.7   256.3   281.9   300.6   323.3   355.0   406.2   570.8  2719.4  4986.1 158515.6   158594
read      223.8   170.1    68.9   110.9   122.5   195.4   239.1   266.5   285.9   308.7   338.0   386.4   553.2  2508.1  6122.0 141346.8   141240
read      237.3   189.4    68.9   104.8   115.8   224.1   265.3   287.7   303.7   322.3   347.3   387.6   507.2  2972.9  6953.8  41501.0    41405
read      267.3   318.2    68.9   102.6   113.2   231.9   287.2   317.7   340.1   365.6   396.2   448.0   974.8  6090.3  7870.5  57893.2    57997
read      310.2   418.0    74.4   115.1   129.5   226.5   277.1   306.5   328.9   359.1   407.4   693.4  1770.3  5962.4  8456.7 133580.0   133577
read      248.2   275.9    68.9   102.7   113.0   223.3   270.6   295.9   315.0   338.5   368.5   414.9   689.4  4700.1  8994.0  53776.2    53832
read      339.1   510.6    68.9   120.5   137.0   243.5   294.4   323.4   346.5   378.8   432.1   629.9  3215.6  7000.9 10049.6 139746.4   139832
read      253.8   168.8    74.4   127.5   143.3   232.0   276.2   302.2   320.8   344.5   375.8   428.3   565.8  1844.7  6739.9 170580.6   170515
read      221.0   185.2    68.9   107.6   118.2   190.6   236.0   264.5   284.6   307.7   336.6   382.9   552.9  2790.2  7364.1 128633.4   128494
read      216.8   110.7    74.4   111.0   125.6   210.5   236.6   251.4   262.3   274.3   291.8   319.3   425.7  1629.1  2764.5  20708.2    20789
read      267.9   326.5    68.9   102.2   112.6   231.1   289.5   321.4   345.2   371.7   403.5   457.8   929.4  5931.7  9118.2  63900.6    63647
read      266.2   351.7    68.9   102.2   112.6   230.2   288.4   320.2   344.2   370.7   402.0   453.7   785.7  5882.7 11549.8  64794.8    64802
read      258.4   295.5    68.9   101.9   112.2   230.3   283.3   312.3   333.3   357.7   386.8   432.4   735.0  4949.6  9043.8  55717.4    55719
read      374.8   402.0    74.4   162.2   186.8   298.7   352.8   387.3   413.6   447.5   497.9   648.7  1784.5  5058.9  8091.7 174183.4   174179
read      218.3   149.2    68.9   104.8   115.2   191.9   240.8   269.1   288.8   310.9   339.1   386.6   553.7  1569.9  5217.8 106270.4   106356
read      282.7   178.1    68.9   136.0   154.2   256.7   310.0   341.4   365.2   393.5   430.1   489.0   631.3  2087.9  6598.1 178793.2   178750
read      215.0   177.3    68.9   103.5   113.2   186.5   236.3   265.6   285.4   307.1   333.5   373.7   513.4  2075.9  7423.8 105696.4   105831
read      215.6   172.9    68.9   104.4   114.3   186.6   236.3   266.1   286.4   308.7   336.2   379.8   536.1  1721.7  7472.0 110745.8   110667
read      199.8   148.6    80.4   127.1   141.3   187.0   205.2   215.9   223.9   232.8   246.7   271.9   386.3  2115.6  7697.6   8788.0     8803
read      256.7   301.9    68.9   103.2   114.0   230.2   279.1   305.1   322.5   344.2   371.0   414.3   731.9  6139.8  8301.2  45519.2    45662
read      239.6   194.5    74.4   106.6   118.4   224.9   262.8   282.6   295.8   311.9   332.9   368.8   638.5  2940.5  6772.7  30767.2    30867
read      253.7   262.9    68.9   103.0   113.8   229.6   277.9   303.6   320.8   342.6   369.4   412.3   753.9  3980.2  7802.4  45571.8    45656
read      252.0   293.5    68.9   105.0   115.6   201.4   258.3   290.3   313.5   342.9   389.8   496.2  1145.5  3212.6 11705.9 101156.2   100938
read      219.8   182.2    68.9   109.1   119.9   191.1   235.5   263.5   283.4   306.2   335.0   379.8   530.6  2237.5  7793.7 132380.4   132360
read      258.2   300.2    68.9   102.3   112.5   225.8   282.8   314.3   337.9   365.2   397.9   452.5   751.4  4976.0  9907.8  67635.6    67591
read      243.2   220.7    74.4   105.1   116.7   223.9   264.4   285.4   299.4   315.8   338.1   373.7   754.4  3462.3  5982.2  34005.0    33910
read      249.8   315.2    68.9   103.6   113.7   204.2   261.7   291.8   313.2   339.8   377.8   451.9  1119.4  3958.3 11667.9  85585.0    85729
read      212.2   183.4    74.4   118.8   138.2   196.7   218.1   230.0   238.2   249.5   264.8   291.6   539.1  2613.7  7813.1  12979.8    12884
read      256.8   299.4    68.9   103.6   114.5   231.4   280.7   307.1   325.1   346.5   372.9   416.4   694.9  6000.9  8963.0  45615.0    45621
read      254.6   296.5    68.9   105.8   118.0   228.8   272.5   295.1   310.7   328.6   352.7   392.8   734.6  5188.1  7907.9  36991.8    36938
read      268.6   340.3    68.9   102.8   113.4   232.5   287.3   317.0   338.7   363.6   393.9   444.7   995.0  6383.2  8434.0  56675.4    56902
read      279.1   326.2    68.9   106.9   118.3   211.4   271.3   306.7   334.3   373.7   450.2   637.8  1449.8  3577.8 10055.7 102266.2   102243
read      206.9   132.7    74.4   116.9   135.7   197.9   219.0   230.8   239.3   250.4   265.3   290.1   382.0  1972.0  6431.3  14124.6    14085
read      264.4   358.4    68.9   105.2   116.0   208.7   267.4   300.0   324.2   356.9   404.0   497.4  1353.4  6111.3 10218.8  94016.4    94103
read      265.4   340.6    74.4   102.9   113.5   230.6   284.9   315.1   337.5   363.4   394.8   447.0   854.3  6941.1  9396.2  58300.0    58175
read      318.6   388.6    68.9   126.7   144.0   251.2   301.4   331.1   354.6   385.9   433.9   558.4  1815.2  4720.6  8802.9 151388.2   151312
read      211.3   106.2    68.9   102.6   112.0   191.4   245.7   272.7   290.3   309.2   332.0   367.9   457.3   754.7  2324.9  83559.8    83333
read      291.2   228.0    68.9   131.9   149.3   250.4   303.2   335.5   360.9   392.9   436.7   518.0  1350.2  2742.6  7624.5 165015.6   165153
read      217.6   154.0    68.9   106.5   117.0   188.8   234.7   263.4   283.7   306.9   335.9   381.8   565.4  1966.9  5298.9 123858.4   123975
read      234.0   174.5    74.4   107.8   120.1   219.4   253.0   271.2   284.6   299.6   319.5   356.9   721.0  2771.7  4169.9  28378.4    28449
read      214.6   145.3    74.4   115.6   133.6   203.7   227.0   239.1   248.9   260.5   275.0   303.0   465.4  2123.7  5238.3  14935.0    14903
read      244.3   235.5    74.4   106.8   118.6   226.2   264.9   284.9   298.0   314.5   336.5   371.6   686.4  3526.2  7762.9  31201.8    31189
read      255.1   309.3    68.9   104.4   115.5   229.8   275.8   299.6   316.1   336.1   361.2   399.5   719.7  5498.7  9024.0  40713.4    40636
read      289.2   421.4    68.9   105.1   116.3   230.7   299.4   341.1   370.9   404.0   447.9   521.9  1411.6  7291.1 14342.9  80470.8    80574
read      346.5   302.0    68.9   146.5   168.5   289.3   349.0   386.8   415.0   450.3   498.9   604.2  1579.2  3377.0  7926.6 168993.6   168820
read      266.2   186.9    68.9   127.6   143.7   236.7   286.2   315.6   338.7   367.5   406.4   471.9   653.0  2508.7  7007.8 162027.8   162621
read      211.4   104.2    68.9   103.4   113.1   186.5   237.4   267.3   287.1   309.5   337.6   381.9   506.6   847.8  1804.3 101683.2   101621
read      261.2   362.4    74.4   103.0   113.2   224.8   275.5   304.8   325.7   350.1   382.7   433.2   963.1  5941.1 10978.3  58478.2    58592
read      332.8   421.1    68.9   130.1   148.5   253.1   304.1   336.2   362.4   396.8   450.2   589.9  2608.4  4262.8  8209.9 153001.8   153042
read      228.9   194.8    68.9   104.6   114.8   188.6   237.2   266.5   287.4   311.8   342.8   400.9  1074.7  2258.0  4793.2 112377.2   112238
read      247.4   192.7    68.9   121.9   137.2   221.0   265.3   291.6   311.5   335.8   368.4   424.2   596.3  2595.3  7156.8 160393.6   160265
read      256.3   248.6    68.9   102.9   113.4   229.1   283.3   313.4   334.2   358.8   389.9   434.5   780.9  3820.7  7444.4  57085.8    57109
read      259.1   276.2    68.9   105.3   115.8   209.2   268.8   303.3   329.0   362.4   409.7   503.4  1193.6  3201.3 10442.3  88614.2    88551
read      199.1   162.3    74.4   127.3   140.4   184.9   201.9   212.6   219.9   230.0   243.7   270.8   437.4  2198.6  7716.5   8411.6     8385
read      252.9   262.7    74.4   106.8   118.5   226.5   269.7   291.4   306.5   323.3   346.0   387.9  1025.1  3941.7  7663.5  34088.4    34088
read      364.8   502.3    68.9   114.4   129.3   232.1   290.9   327.9   358.9   402.7   579.8  1361.5  2612.9  6612.9  8127.2 113720.2   113600
read      224.8   170.7    68.9   110.8   122.2   197.2   241.9   270.2   291.0   315.1   345.6   392.5   536.1  2271.6  7550.6 131670.4   131842
read      219.1   155.4    68.9   105.7   115.9   189.7   238.0   268.1   289.2   313.2   343.3   388.7   577.2  1828.8  5436.8 111998.4   112066
read      261.0   293.9    68.9   105.1   115.7   220.6   281.1   313.6   338.1   368.7   408.2   476.6   842.0  4210.5  9485.5  72455.4    72585
read      257.8   261.7    68.9   113.7   127.1   211.6   261.8   291.3   313.2   340.1   375.1   445.0  1391.2  3439.2  7378.1 133601.0   133669
read      208.5   136.4    80.4   121.9   139.4   196.8   217.5   229.5   237.8   250.3   267.5   297.5   437.3  1905.0  7628.0  11869.6    11820
read      206.1    96.1    80.4   118.6   136.1   197.4   219.1   231.5   240.9   252.7   269.7   298.5   400.4  1307.0  2886.7  12697.4    12639
read      368.0   474.4    68.9   118.4   134.7   248.4   309.2   346.7   380.1   432.0   584.2  1343.0  2241.1  5489.0  9225.1 118532.4   118548
read      305.3   213.7    68.9   144.3   164.4   275.2   331.3   364.6   389.6   420.2   460.8   526.8   708.4  2995.7  7337.3 165954.4   165754
read      216.8   108.8    68.9   104.7   114.4   193.9   247.3   276.9   296.7   318.5   346.1   387.5   497.6   843.6  2805.5  86845.0    86823
read      240.7   268.4    74.4   114.7   130.9   207.2   232.9   248.6   260.4   274.3   295.0   341.5  1212.8  3549.4  7876.7  16803.0    16898
read      344.2   439.5    68.9   114.5   129.7   233.9   288.9   321.8   350.2   391.3   501.4  1331.8  1855.4  4070.3 10891.8 123078.8   123124
read      260.2   312.3    68.9   104.1   114.5   218.7   278.8   312.2   337.8   369.5   410.8   481.1   853.1  3737.4 10952.2  72426.0    72278
read      275.3   376.3    68.9   104.0   115.2   236.8   293.1   322.6   344.0   368.1   396.9   445.6   920.6  6846.9 10232.0  47662.4    47757
read      284.6   358.3    68.9   104.2   115.0   238.9   303.6   339.9   366.1   395.1   431.5   495.5  1237.1  5895.0 10379.0  60624.2    60510
read      236.6   129.8    74.4   109.6   123.4   226.2   264.3   284.0   297.2   314.2   336.1   370.3   516.1  1838.2  3040.0  25239.4    25237
read      275.3   342.8    68.9   106.3   117.4   210.5   270.2   305.9   333.7   370.1   427.7   585.9  1396.2  4075.1 10960.7  97685.2    97783
read      234.5   192.3    68.9   106.6   117.5   193.3   241.3   272.0   293.9   319.3   354.2   413.9  1195.8  2011.3  5169.0 119135.2   118966
read      216.7   134.6    80.4   114.8   131.6   206.9   231.9   247.4   259.1   272.6   290.2   317.1   411.2  1981.1  4313.8  16512.8    16631
read      209.7   110.0    80.4   120.5   138.9   200.9   223.0   234.7   244.9   256.3   272.6   297.1   393.8  1571.3  3788.7  11752.2    11743
read      298.7   356.7    68.9   109.1   121.1   211.9   268.0   302.1   328.3   364.0   430.5   939.6  1609.6  3677.3  8038.4 115092.8   115026
read      219.8   157.1    68.9   106.4   117.1   190.4   236.3   265.7   286.6   310.6   341.2   388.1   570.8  2167.4  5371.6 122088.2   122371
read      196.0   102.4    80.4   129.5   142.1   186.2   204.1   214.6   222.4   231.9   245.9   271.1   368.7  1313.4  2959.2   7212.0     7198
read      244.8   204.4    74.4   109.8   123.5   225.9   263.0   282.7   296.1   312.4   333.6   369.1   822.8  2930.1  7559.9  24980.4    25022
read      349.1   372.9    74.4   143.6   164.9   285.4   342.4   377.9   406.1   443.4   497.5   610.4  1657.6  4673.5 10218.8 157602.4   157513
read      334.9   250.6    68.9   150.2   171.9   295.3   362.5   404.5   436.8   475.3   526.2   602.3   812.0  3242.6  9154.3 172191.0   171975
read      282.8   210.6    68.9   131.0   148.8   249.7   300.8   331.2   354.8   384.9   428.0   507.4   753.5  3000.8  6834.3 155138.8   154918
read      238.8   215.7    68.9   114.6   128.1   207.1   252.3   279.7   299.9   324.2   357.7   409.4   641.9  3006.1  7812.5 139602.4   139185
read      279.5   266.8    74.4   123.5   139.6   233.4   284.0   314.1   337.6   367.2   408.2   492.1  1396.9  3473.6  7657.4 152629.4   152724
read      244.7   261.8    74.4   113.1   128.3   216.7   246.8   265.1   277.9   293.8   315.6   358.6  1044.6  3857.0  7935.2  20887.2    20845
read      374.2   491.3    74.4   132.1   152.9   274.9   332.5   368.7   397.9   437.9   505.7   857.2  2819.8  6535.9  8990.1 140272.0   140348
read      214.7   102.0    68.9   103.4   112.9   190.8   244.8   274.9   294.9   316.7   344.6   385.6   502.5   892.1  1891.6  88719.0    88725
read      253.6   236.0    68.9   112.4   125.3   207.9   257.3   287.4   309.5   336.4   371.7   440.0  1442.4  2884.5  6947.8 134233.8   134088
read      274.5   296.3    68.9   105.1   116.1   234.1   299.1   335.9   362.5   392.0   429.0   492.2   944.4  4137.9  8980.6  66046.0    66126
read      299.7   395.4    68.9   107.0   118.6   232.7   306.0   352.1   385.1   423.1   471.7   564.4  1560.0  5914.8 12715.0  78297.0    78214
read      272.2   350.1    68.9   104.2   115.0   233.8   290.4   320.7   344.9   371.5   402.8   460.1  1020.4  6768.3  9938.6  55385.0    55191
read      268.7   329.6    68.9   104.0   114.8   236.9   295.9   327.2   350.2   374.5   403.4   452.5   732.0  6097.3 10939.5  54153.4    54081
read      381.2   508.9    68.9   115.4   131.0   242.8   303.7   340.9   372.3   426.1   690.8  1442.2  2359.4  6529.4  8126.1 112743.2   112478
read      315.9   191.1    74.4   153.5   175.7   292.1   351.1   384.0   406.5   433.5   467.8   523.7   660.9  2918.6  6768.5 179623.0   179666
read      219.5   136.2    68.9   105.3   115.5   191.5   241.9   272.3   293.6   317.0   347.1   394.3   575.3  1494.4  4005.0 100650.6   100584
read      227.5   181.9    68.9   109.6   120.5   195.0   240.4   269.2   290.2   314.6   346.2   396.4   661.3  2696.9  5118.1 127952.0   127920
read      213.9   230.3    80.4   132.8   144.9   188.2   205.8   216.3   224.7   234.3   250.8   285.7   953.1  2720.1  7974.7   6547.8     6594
read      242.0   196.0    74.4   110.0   123.5   226.3   264.0   283.3   296.2   312.5   333.9   368.6   689.5  2775.4  7667.0  24963.8    25020
read      393.4   484.0    68.9   126.4   145.4   267.7   328.0   367.7   402.2   462.5   635.1  1428.2  2201.8  5479.1  9174.0 129425.4   129587
read      210.4   130.3    80.4   126.7   144.2   199.0   219.2   230.8   239.4   251.6   267.9   294.3   434.0  1726.8  5728.8  10290.2    10277
read      457.4   520.9    74.4   161.6   186.8   303.7   363.2   403.1   440.7   511.3  1199.3  1513.2  2616.1  5961.4  8178.7 148352.8   148458
read      236.8   255.8    68.9   102.0   112.1   207.8   258.5   286.6   306.6   330.7   361.6   404.1   609.0  4293.1  8215.8  65991.0    66114
read      256.1   283.5    68.9   102.4   113.1   224.7   276.2   303.1   320.7   343.5   370.9   418.3   926.7  4236.3  8227.3  49128.0    49261
read      316.0   473.7    63.8   114.6   129.3   226.9   278.4   308.4   331.8   362.7   409.8   598.1  2704.0  6356.4 10466.8 132883.0   133049
read      216.5   144.9    68.9   104.5   114.5   187.2   236.3   266.9   288.2   312.0   342.5   390.7   581.1  1600.5  3703.4 106772.0   106628
read      247.7   292.6    74.4   111.8   125.8   214.1   244.6   263.3   275.9   292.7   315.3   363.9  1231.6  4033.8  7966.6  23453.0    23498
read      305.0   405.5    68.9   109.5   121.5   216.6   276.6   313.2   342.4   383.5   471.4   795.6  1714.1  5473.8 11469.8 103389.8   103564
read      250.8   182.7    74.4   123.7   139.4   223.1   266.1   291.9   311.6   335.8   368.3   424.9   654.6  2956.6  5116.3 161747.0   161774
read      209.2    89.5    68.9   107.0   117.9   209.4   237.8   252.5   263.2   274.6   291.8   318.2   395.1   826.9  3265.1  38980.8    39037
read      224.3   101.4    68.9   119.2   132.8   205.5   244.3   268.7   287.1   309.1   337.7   381.8   498.6   821.8  3129.8 163419.0   163622
read      204.9    94.5    68.9   106.4   116.6   183.3   225.6   253.0   273.2   295.8   322.2   362.1   446.4   704.8  2482.9 132310.8   132405
read      205.7    98.8    68.9   106.4   116.7   183.4   226.4   254.1   274.4   297.6   324.8   365.2   453.2   691.3  1967.6 131921.4   131596
read      244.9   112.1    68.9   129.3   144.7   225.0   266.5   291.7   311.1   334.7   366.3   419.0   558.1   930.5  3297.8 174476.6   174543
read      204.5    98.4    68.9   101.8   111.0   184.9   236.3   263.6   280.7   299.0   319.8   353.9   424.2   617.6  2891.7  90796.0    90567
read      204.6    94.8    63.8   104.5   114.2   182.7   228.9   258.1   278.3   300.2   325.0   362.2   434.3   613.9  2016.3 116545.0   116582
read      193.7    54.1    80.4   124.9   141.4   191.4   208.1   216.9   224.2   232.3   244.3   264.3   313.8   463.9  2039.7  13860.6    13888
read      207.6    91.2    68.9   107.0   117.3   186.4   231.3   259.8   279.7   301.6   327.1   365.0   440.9   633.4  1586.5 119015.4   119224
read      224.7   117.7    68.9   119.0   132.6   205.3   244.6   269.3   288.0   310.2   338.9   383.0   498.6   808.6  4028.3 156597.8   156471
read      231.5   101.0    68.9   122.5   137.2   212.5   251.9   276.2   294.9   317.3   346.4   394.9   531.4   846.7  1914.5 163726.4   164013
read      208.7    81.7    68.9   106.7   117.7   209.9   240.0   255.5   266.5   278.6   294.5   319.1   377.7   543.9  2245.4  41925.0    41909
read      207.3    90.4    68.9   107.4   117.8   186.0   229.1   257.0   277.3   300.2   326.8   365.5   447.7   648.1  1679.3 128212.8   128280
read      203.8    98.4    63.8   103.0   112.4   182.2   230.4   259.4   278.7   299.3   322.5   358.8   430.3   634.9  2260.7 107231.2   107066
read      208.4    79.1    68.9   105.8   116.5   209.1   240.9   256.9   268.0   280.7   296.4   321.4   389.2   582.9  1545.2  45989.2    46119
read      189.9    51.9    80.4   129.0   143.9   185.7   201.0   210.5   216.8   225.7   235.7   258.5   320.3   534.9  1730.7  10240.8    10227
read      190.2    58.2    80.4   128.0   142.7   186.1   201.7   211.4   217.6   226.7   236.8   260.4   319.0   454.7  2655.1  10778.0    10870
read      214.2   103.8    68.9   112.8   124.9   194.0   233.5   259.6   278.9   301.5   330.0   370.8   467.0   685.3  3299.7 146170.2   146664
read      197.8    63.0    74.4   116.9   132.4   197.4   216.6   227.0   233.7   243.5   254.9   274.8   325.1   455.5  2214.0  19838.0    19865

Total QPS = 93329.9 (72797360 / 780.0s)

Total connections = 64
Misses = 0 (0.0%)
Skipped TXs = 0 (0.0%)

RX 17980947179 bytes :   22.0 MB/s
TX          0 bytes :    0.0 MB/s
Warning! Detected max cpu usage > 95%
CPU Usage Stats (avg/min/max): 99.83%,34.50%,100.00%
