Random waveform, supplied seed
Total number of intervals = 78 (8195, 158594, 149766, 10382, 170548, 150565, 137144, 143496, 144743, 116745, 129314, 144723, 117379, 119931, 132052, 143350, 143518, 172981, 94027, 170019, 179090, 47130, 19439, 128963, 23787, 61848, 101968, 108767, 97139, 158594, 141240, 41405, 57997, 133577, 53832, 139832, 170515, 128494, 20789, 63647, 64802, 55719, 174179, 106356, 178750, 105831, 110667, 8803, 45662, 30867, 45656, 100938, 132360, 67591, 33910, 85729, 12884, 45621, 36938, 56902, 102243, 14085, 94103, 58175, 151312, 83333, 165153, 123975, 28449, 14903, 31189, 40636, 80574, 168820, 162621, 101621, 58592, 153042)
Average QPS expected = 97032
Timestamp start: 1747239687041
Timestamp end: 1747240467298

#type       avg     std     min      p5     p10     p50     p67     p75     p80     p85     p90     p95     p99    p999   p9999      QPS   target
read      232.4   192.7    63.8   120.0   139.6   219.5   242.9   256.2   266.8   278.5   294.3   322.5   553.5  2655.1  7828.3   8217.3     8195
read      269.6   372.8    68.9   119.9   133.3   216.2   257.9   282.7   301.4   325.0   359.3   424.8  2052.8  4567.0  9486.0 158436.4   158594
read      217.4   171.0    68.9   113.2   124.1   190.8   232.8   260.0   279.8   302.8   331.6   375.3   497.9  1840.8  8812.8 149428.4   149766
read      223.2   148.7    68.9   120.4   138.4   213.7   236.2   250.3   260.7   272.7   290.2   318.2   436.3  1967.6  7380.7  10393.5    10382
read      323.4   344.9    68.9   139.8   158.8   258.0   305.0   335.7   361.3   396.0   452.9   602.8  1592.5  4124.6  7956.6 170624.0   170548
read      248.1   185.7    68.9   120.4   133.9   215.6   264.4   294.4   317.2   345.3   384.8   452.9   674.1  2180.0  7787.5 150989.2   150565
read      316.5   451.6    68.9   118.9   132.4   226.8   270.5   296.2   317.2   345.0   393.0   721.6  2852.0  5121.4  8045.9 137124.2   137144
read      243.9   266.4    63.8   115.0   126.8   201.9   247.6   273.6   292.7   315.3   344.9   397.9  1289.0  3435.6  7735.0 143506.2   143496
read      267.8   361.3    68.9   116.3   128.7   209.6   252.8   277.4   296.0   319.0   351.8   417.7  2038.5  4137.5  7992.2 144820.0   144743
read      269.4   265.1    68.9   112.8   123.9   206.2   262.8   300.1   331.9   376.5   449.2   587.1  1220.4  3373.6  7178.6 116672.3   116745
read      362.2   584.4    63.8   120.1   134.9   234.3   274.8   299.4   319.8   349.4   408.1  1298.8  3356.2  6254.8  8814.8 129196.3   129314
read      282.5   410.1    68.9   116.5   129.3   214.4   256.7   281.2   299.7   323.3   359.2   438.1  2782.8  4883.1  8006.6 144863.4   144723
read      287.4   343.2    68.9   113.4   125.2   213.0   269.7   308.4   341.3   390.1   467.8   631.3  1502.8  4384.6  9651.6 117425.7   117379
read      290.0   340.4    68.9   113.5   125.4   211.9   267.3   303.7   334.7   380.3   471.0   702.1  1496.6  3839.8  8281.8 120112.2   119931
read      339.7   447.2    63.8   118.5   132.9   228.2   270.8   298.5   323.1   363.5   481.6  1316.5  2091.5  4354.1  9058.4 132072.5   132052
read      257.4   267.6    68.9   115.1   127.3   205.9   251.8   279.3   299.8   325.4   362.8   447.2  1455.0  3264.2  7499.9 143429.0   143350
read      219.8   155.1    68.9   112.8   123.5   191.2   234.3   262.4   282.6   306.0   335.6   381.6   537.2  2153.9  5308.7 143426.2   143518
read      252.0   182.3    63.8   127.8   142.0   223.1   268.2   295.9   317.4   344.1   381.6   445.4   632.8  2156.0  7996.9 173024.0   172981
read      270.7   317.0    59.1   109.6   119.8   217.6   284.8   326.0   356.6   390.9   432.5   500.0  1125.9  4485.2  9487.5  94001.4    94027
read      271.1   274.3    68.9   127.7   142.3   230.2   275.0   301.4   320.8   345.8   381.8   447.3  1355.4  3580.9  7672.2 169944.5   170019
read      247.1   179.0    68.9   128.4   142.7   222.5   265.5   291.3   310.9   334.8   367.3   422.1   562.4  1863.6  6975.0 179143.4   179090
read      269.4   341.4    63.8   109.8   119.9   238.7   292.4   320.5   340.6   363.2   390.8   432.9   748.7  5511.2  8784.6  47156.1    47130
read      249.5   164.1    68.9   121.0   137.0   237.9   271.4   289.1   301.5   316.5   337.4   371.4   580.5  2326.7  7471.2  19466.5    19439
read      356.8   434.2    68.9   120.4   135.4   230.9   275.7   308.9   339.9   399.3   720.0  1359.7  2052.3  3821.2  8009.5 129030.4   128963
read      256.1   190.5    68.9   118.3   133.3   242.3   279.4   298.3   312.7   329.7   352.3   392.3   650.8  2503.8  7436.2  23867.6    23787
read      268.9   334.4    63.8   107.3   116.9   233.5   293.3   327.0   350.0   375.1   405.0   453.3   771.5  6231.6 10167.4  61773.2    61848
read      264.6   301.8    68.9   110.6   120.7   210.7   273.2   310.9   339.3   374.3   422.2   501.8  1119.9  3742.5 10228.2 101882.1   101968
read      280.2   332.8    63.8   112.7   124.0   215.5   277.3   316.6   348.4   391.5   453.5   573.6  1377.7  3816.8 12060.8 108747.0   108767
read      270.5   305.5    68.9   111.6   122.3   217.2   282.2   321.0   350.8   386.0   430.3   503.5  1066.4  4112.7  8642.9  97260.8    97139
read      225.9   160.6    68.9   117.5   129.5   199.8   241.2   267.3   286.5   309.1   338.4   385.5   523.2  2312.7  6022.1 158543.2   158594
read      259.8   287.4    74.4   116.6   128.8   208.6   255.3   283.0   303.3   328.1   362.9   433.3  1486.5  3417.6  8256.9 141150.5   141240
read      265.1   285.1    63.8   110.4   121.1   238.7   288.3   313.8   331.8   352.2   377.6   420.3   856.5  4823.5  7961.8  41475.3    41405
read      267.5   314.3    68.9   107.2   116.7   235.0   293.3   325.5   347.5   372.1   401.8   449.7   815.8  5944.0 10013.7  57987.1    57997
read      320.4   407.7    68.9   117.3   130.5   225.6   270.8   297.9   320.6   354.3   423.5  1237.2  1776.1  4370.9  8016.1 133325.8   133577
read      269.9   317.2    68.9   108.7   118.4   235.9   293.3   323.9   345.3   369.0   398.1   444.2   884.5  5984.6  8616.0  53762.8    53832
read      290.8   365.3    68.9   116.5   129.2   217.9   264.4   291.3   312.5   340.0   384.2   582.3  1649.2  3883.5  7999.6 139612.1   139832
read      244.6   190.4    68.9   124.7   138.9   218.0   261.4   287.5   306.9   330.4   362.4   414.9   573.0  2932.0  7359.3 170528.7   170515
read      356.2   509.2    68.9   119.0   133.5   227.9   270.3   297.8   322.3   363.0   487.4  1334.1  3046.5  4383.2  8032.3 128709.4   128494
read      244.6   138.5    68.9   119.2   134.7   235.8   269.5   287.1   298.9   314.2   334.4   367.5   502.4  1956.2  3751.1  20678.5    20789
read      272.0   349.7    63.8   107.4   116.7   234.2   294.4   328.7   352.9   379.4   411.4   462.2   886.8  6333.5 11823.9  63646.5    63647
read      266.5   297.6    63.8   106.8   116.2   231.9   292.1   326.3   350.3   376.5   407.7   457.9   852.1  5085.9  8832.6  64654.7    64802
read      268.2   325.3    63.8   108.0   117.6   235.2   293.0   324.8   346.5   370.4   399.5   445.6   799.8  5765.2 10443.0  55713.7    55719
read      306.1   335.7    68.9   136.3   154.0   252.0   296.2   323.3   344.7   372.2   412.6   498.5  1556.7  4167.9  8121.7 174266.3   174179
read      283.1   336.7    63.8   113.3   124.8   216.4   276.4   315.2   346.4   389.7   453.7   582.5  1434.1  4175.0 11228.2 106275.4   106356
read      297.5   262.7    68.9   140.9   159.1   260.9   309.2   337.2   358.5   384.4   420.1   482.1  1411.0  3452.5  7919.8 178588.8   178750
read      264.5   292.8    63.8   111.7   122.3   207.8   266.8   303.1   332.0   369.7   427.0   535.3  1150.7  3389.2 10203.8 105879.9   105831
read      289.7   311.2    63.8   114.0   125.7   214.8   273.7   313.6   347.6   398.6   482.6   662.6  1482.1  3631.5  7643.8 110699.8   110667
read      230.3   158.9    68.9   126.0   145.6   220.1   243.4   257.1   267.9   280.4   296.2   324.3   444.2  2085.2  7669.0   8798.1     8803
read      280.9   334.8    63.8   110.4   121.1   246.8   303.7   333.9   354.4   376.9   404.0   450.9   955.8  6055.8  8311.9  45613.1    45662
read      271.0   299.6    68.9   114.5   127.9   243.2   288.7   312.2   329.0   348.2   373.7   418.6  1014.5  4334.2  9501.6  30914.8    30867
read      278.8   362.5    63.8   110.2   120.7   238.7   294.2   323.6   344.0   367.1   395.9   443.2  1204.4  6046.8  7958.2  45722.4    45656
read      287.3   303.3    68.9   113.2   124.7   218.0   283.5   324.9   360.6   408.9   482.8   623.8  1441.0  3410.1  8525.2 100957.1   100938
read      310.7   448.2    68.9   118.5   131.8   221.9   270.9   299.5   320.7   348.8   393.7   558.0  2856.0  4586.7  8201.9 132436.0   132360
read      260.2   176.7    63.8   108.9   118.4   232.7   298.2   335.4   361.4   390.2   424.9   475.7   627.9  2420.9  4810.4  67516.3    67591
read      261.8   189.7    63.8   112.9   125.2   247.6   296.6   321.3   339.1   359.5   384.5   423.9   566.6  2704.7  7719.1  34058.0    33910
read      275.8   270.3    63.8   110.8   121.5   227.5   303.4   349.5   381.7   416.4   458.3   522.8   815.9  3455.0  9916.7  85582.8    85729
read      240.1   143.2    68.9   127.4   147.6   230.3   259.0   274.2   286.0   298.6   316.7   345.9   454.0  2255.9  4958.6  12897.3    12884
read      278.1   303.4    68.9   111.1   122.0   248.3   305.2   336.1   357.2   380.6   408.4   455.4   828.4  5168.9  8767.9  45580.4    45621
read      266.7   187.9    63.8   112.0   124.0   249.0   300.9   327.3   345.4   367.1   393.9   434.6   720.3  2605.7  6054.4  36948.7    36938
read      287.9   360.6    63.8   109.2   119.1   242.2   304.4   339.6   363.8   390.7   423.9   477.0  1337.6  5537.9  8810.1  56955.6    56902
read      295.6   312.2    68.9   114.6   126.9   223.5   291.8   338.8   378.4   430.7   501.4   629.6  1419.9  3819.8  7996.4 102231.6   102243
read      244.5   140.3    68.9   126.1   145.7   234.2   265.1   281.7   293.5   308.5   327.6   361.6   483.9  1958.0  4276.3  14114.8    14085
read      273.8   310.6    63.8   111.2   121.7   215.0   281.1   320.9   353.1   392.7   444.7   530.5  1212.7  3960.0  9492.5  94036.5    94103
read      273.9   297.5    63.8   108.8   118.7   241.4   304.6   339.1   362.9   389.3   421.1   467.7   766.1  4861.6 10098.9  58130.1    58175
read      280.3   330.8    68.9   122.3   136.6   225.9   273.6   300.3   319.7   344.7   381.8   460.7  1583.7  4240.7  7892.4 151431.1   151312
read      273.2   282.4    68.9   110.4   120.9   226.3   298.5   341.1   371.5   404.5   446.2   507.6   855.4  3445.9 10463.1  83396.7    83333
read      377.6   444.6    63.8   158.2   181.7   292.3   340.0   371.7   398.6   435.6   499.2   732.6  2298.3  5400.8 10061.6 165284.7   165153
read      311.8   390.3    68.9   117.0   130.4   224.7   275.3   305.7   329.7   363.9   430.3   863.4  1791.8  3901.1  8480.9 123935.1   123975
read      265.5   243.1    63.8   115.1   128.8   245.2   287.8   309.9   325.4   343.9   368.7   408.9   847.8  3382.5  8100.1  28458.7    28449
read      237.3   132.8    74.4   124.6   143.1   226.7   256.0   272.2   284.5   297.8   316.9   349.3   490.4  1905.6  3398.4  14857.6    14903
read      272.0   330.4    63.8   114.9   127.9   239.3   280.2   301.2   316.0   334.5   359.4   403.4  1318.5  4489.4  9990.0  31117.0    31189
read      230.5    87.6    59.1   112.1   122.8   229.4   270.4   289.9   303.0   317.6   337.3   367.0   430.6   573.2  1819.5  40706.0    40636
read      229.9   103.6    63.8   107.6   117.1   213.1   270.7   300.4   319.5   341.2   367.3   403.0   476.4   601.2  1812.7  80622.3    80574
read      509.6   603.9    68.9   159.9   182.9   258.2   306.2   386.0   661.8  1183.6  1413.9  1631.4  2982.3  4517.6  7992.3 169085.8   168820
read      517.5   635.6    63.8   159.2   182.5   257.7   304.4   374.2   621.3  1159.7  1448.2  1705.7  3171.6  4612.1  8052.1 162814.9   162621
read      478.9   597.1    63.8   155.1   175.3   251.1   310.2   403.1   553.1   853.5  1297.0  1592.6  2946.3  7115.7  8131.0 101630.4   101621
read      305.8   314.7    63.8   120.6   136.3   226.8   291.8   338.0   373.5   421.2   501.3   722.1  1453.4  3394.2  7978.0  58636.8    58592
read      506.5   595.6    68.9   158.9   182.2   256.9   304.0   384.9   669.0  1203.4  1409.7  1612.2  2816.4  4364.6  8021.3 128520.0   153042

Total QPS = 96724.7 (75445232 / 780.0s)

Total connections = 64
Misses = 0 (0.0%)
Skipped TXs = 0 (0.0%)

RX 18634971810 bytes :   22.8 MB/s
TX          0 bytes :    0.0 MB/s
Warning! Detected max cpu usage > 95%
CPU Usage Stats (avg/min/max): 99.86%,44.00%,100.00%
