Random waveform, supplied seed
Total number of intervals = 100 (8195, 158594, 149766, 10382, 170548, 150565, 137144, 143496, 144743, 116745, 129314, 144723, 117379, 119931, 132052, 143350, 143518, 172981, 94027, 170019, 179090, 47130, 19439, 128963, 23787, 61848, 101968, 108767, 97139, 158594, 141240, 41405, 57997, 133577, 53832, 139832, 170515, 128494, 20789, 63647, 64802, 55719, 174179, 106356, 178750, 105831, 110667, 8803, 45662, 30867, 45656, 100938, 132360, 67591, 33910, 85729, 12884, 45621, 36938, 56902, 102243, 14085, 94103, 58175, 151312, 83333, 165153, 123975, 28449, 14903, 31189, 40636, 80574, 168820, 162621, 101621, 58592, 153042, 112238, 160265, 57109, 88551, 8385, 34088, 113600, 131842, 112066, 72585, 133669, 11820, 12639, 118548, 165754, 86823, 16898, 123124, 72278, 47757, 60510, 25237)
Average QPS expected = 93343
Timestamp start: 1747206124102
Timestamp end: 1747207124347

#type       avg     std     min      p5     p10     p50     p67     p75     p80     p85     p90     p95     p99    p999   p9999      QPS   target
read      203.3   183.1    63.8   105.3   120.4   194.0   212.3   222.2   229.7   237.8   250.6   271.7   528.2  2209.3  7891.7   8156.5     8195
read      488.4   664.9    74.4   169.5   193.0   327.0   384.8   420.4   450.4   495.5   594.4  1574.6  3459.9  6810.7  8128.8 158549.3   158594
read      427.2   568.0    74.4   161.7   183.8   318.8   377.0   410.9   437.6   475.7   541.4   723.8  3404.0  6402.7  8198.2 149914.6   149766
read      231.1   360.2    63.8   108.6   122.7   193.9   218.0   231.7   242.3   255.0   275.5   331.2  1393.5  7638.1  8131.9  10375.2    10382
read      578.7   674.5    74.4   162.3   184.1   319.4   388.4   454.3   646.8  1338.7  1511.2  1725.1  3418.0  5223.6  8029.0 170297.7   170548
read      512.8   686.2    74.4   169.8   193.3   332.8   394.6   435.3   473.8   544.1   736.3  1715.1  3483.5  7041.5 11058.5 150610.9   150565
read      569.6   763.3    74.4   162.4   183.8   315.1   376.2   424.5   481.3   706.8  1509.5  2052.9  3506.2  7242.5  9242.2 137008.6   137144
read      493.7   686.9    74.4   168.7   192.9   329.8   390.6   428.9   461.9   510.7   621.7  1607.0  3476.5  7283.8 10245.0 143493.1   143496
read      501.2   715.0    74.4   171.1   194.5   328.9   385.5   421.0   451.5   498.2   605.4  1728.6  3484.2  7222.8  9511.7 144825.8   144743
read      487.2   682.5    74.4   171.5   195.5   331.0   388.4   425.2   457.1   505.3   613.8  1530.8  3482.8  7568.6  9649.9 116853.8   116745
read      488.7   678.0    68.9   172.1   196.4   332.4   390.8   427.8   460.2   509.0   621.5  1536.4  3496.8  6976.6  9973.3 129257.9   129314
read      505.9   691.4    68.9   170.1   194.0   328.3   387.4   426.3   462.1   524.8   695.6  1700.3  3485.5  6920.2 11610.0 144699.4   144723
read      511.0   681.9    74.4   166.8   190.6   323.7   388.4   433.6   477.5   559.6   819.1  1695.3  3469.6  7572.1 11027.4 117390.8   117379
read      473.3   600.3    74.4   168.8   193.4   330.8   397.8   441.2   479.2   539.0   656.7  1508.2  3410.4  7323.8  9516.2 119923.1   119931
read      524.5   718.8    74.4   174.9   198.6   338.0   397.8   435.7   470.2   531.7   703.9  1781.5  3550.7  7261.1 10027.5 132030.1   132052
read      552.2   763.1    74.4   170.9   194.0   332.9   395.1   436.8   478.1   560.2  1230.5  1978.1  3637.2  7224.5  9870.8 143262.3   143350
read      481.5   661.6    74.4   170.5   193.9   331.5   395.4   435.8   469.9   520.0   611.5  1422.6  3477.1  7515.6  9825.3 143744.0   143518
read      466.1   622.3    68.9   171.0   195.8   333.2   396.2   435.9   468.8   515.5   594.6   902.4  3449.2  7233.5  9566.7 173005.4   172981
read      481.0   664.2    74.4   176.5   201.0   335.9   393.2   429.1   459.6   503.1   586.3  1209.8  3480.2  7363.0  9009.4  93915.8    94027
read      455.4   573.4    74.4   172.1   195.6   329.4   392.1   433.0   468.3   521.2   615.7   988.7  3412.7  6425.4  8432.5 170119.9   170019
read      443.1   594.8    74.4   153.5   175.6   305.8   368.4   407.4   440.9   492.7   598.2  1346.7  3412.3  6447.1  8470.1 179127.8   179090
read      401.7   590.6    68.9   130.4   149.2   270.5   341.2   387.9   426.7   482.8   587.2  1028.7  3252.2  7836.0  9797.4  47197.7    47130
read      438.7   608.8    63.8   122.4   139.7   262.1   365.8   447.0   526.5   661.5   830.4  1421.9  2843.5  7829.3  9827.9  19477.7    19439
read      415.1   572.9    74.4   145.4   165.2   289.2   350.2   387.0   416.3   457.9   534.6  1284.3  3389.0  6648.4  8087.1 129049.5   128963
read      296.9   321.2    59.1   118.0   132.9   227.9   287.1   326.9   361.1   409.6   491.6   663.4  1433.0  3999.3  8491.6  23834.7    23787
read      275.0   309.2    59.1   108.0   119.2   234.5   295.1   330.4   356.5   386.6   423.5   483.1  1011.8  5452.2  8513.0  61716.2    61848
read      433.6   460.9    68.9   128.3   146.5   270.6   384.7   511.0   632.3   769.0   954.1  1280.5  1792.1  4814.5 10830.8 102126.9   101968
read      541.1   609.7    74.4   148.3   170.5   302.5   400.1   505.4   783.8  1176.7  1413.0  1622.2  2838.3  6944.3  9727.5 108577.4   108767
read      374.0   425.7    68.9   119.1   135.1   249.1   339.4   427.6   499.3   588.4   725.7   997.5  1862.7  4394.3 10957.7  97027.2    97139
read      533.8   646.8    74.4   169.4   192.1   333.8   400.3   450.3   503.6   646.4  1376.5  1652.6  3418.2  6500.0  9209.9 158663.8   158594
read      460.9   632.0    74.4   174.9   198.4   336.5   397.1   432.5   461.1   499.5   565.5   768.0  3478.9  7033.0  9233.4 141167.0   141240
read      305.1   409.9    63.8   115.7   130.8   241.2   297.2   330.8   356.0   387.1   432.4   549.8  1809.7  7302.6  9186.5  41422.0    41405
read      271.0   296.7    59.1   107.2   118.3   239.6   298.4   331.8   355.2   381.5   413.5   462.6   708.7  5042.7  9035.2  58021.7    57997
read      535.1   807.5    74.4   164.1   185.3   314.0   371.5   407.6   439.5   492.3   671.0  2987.2  3561.1  7654.2 11347.3 133480.9   133577
read      292.1   343.1    63.8   108.6   121.1   240.1   296.6   330.5   356.3   387.0   427.6   509.2  1626.7  4900.9  8367.9  53783.7    53832
read      598.9   730.7    74.4   164.5   186.4   329.3   401.9   469.4   651.2  1337.5  1534.8  1788.0  3478.9  7113.5  9138.0 139752.0   139832
read      638.0   769.7    74.4   165.7   188.0   334.5   412.2   507.8   964.2  1457.0  1642.3  1906.6  3681.4  7224.8 10745.9 170377.2   170515
read      521.4   668.7    74.4   163.7   185.9   314.0   380.4   434.6   495.6   634.9  1354.1  1714.4  3441.0  7256.4  9962.1 128616.6   128494
read      458.8   781.1    68.9   145.8   164.4   263.5   320.4   367.7   417.8   503.9   682.4  1472.5  3443.8  8020.1 10036.8  20831.6    20789
read      336.9   409.4    59.1   113.9   129.3   242.9   310.9   361.9   403.4   461.4   560.6   824.3  1936.3  5725.6 10003.7  63786.0    63647
read      281.6   326.4    63.8   107.1   118.6   239.7   303.8   340.5   368.1   399.6   438.9   504.9   991.1  5329.2 10074.6  64801.1    64802
read      285.6   356.6    59.1   107.6   119.1   243.4   301.7   334.8   358.9   386.2   420.4   478.3  1233.1  6284.6  9690.1  55798.4    55719
read      556.2   723.0    68.9   163.6   186.7   319.9   386.1   436.6   497.8   711.0  1447.3  1771.5  3477.2  7128.6  9873.6 174475.5   174179
read      539.8   658.9    74.4   168.8   193.4   331.4   402.3   454.4   505.3   634.9  1419.4  1736.4  3527.4  6428.7  8112.5 106333.9   106356
read      587.8   697.9    68.9   161.4   183.4   322.0   394.6   467.8   618.6  1351.8  1569.6  1828.1  3573.4  5239.3  8060.5 178576.7   178750
read      558.0   715.4    74.4   163.3   186.8   319.6   387.8   441.8   506.8   740.6  1477.6  1813.0  3565.7  7285.0  9130.2 106082.1   105831
read      470.0   671.1    74.4   143.3   161.5   263.0   319.3   364.5   410.8   508.8  1241.2  1712.8  3411.1  7317.1  9773.6 110772.2   110667
read      468.4   963.9    59.1   117.2   130.6   205.5   264.9   318.9   379.3   507.8   855.4  1796.0  7129.2  8132.9 12624.8   8825.3     8803
read      279.0   299.3    63.8   109.6   121.7   244.0   300.4   332.7   356.5   384.3   420.6   484.0   861.8  5018.9  8103.7  45591.9    45662
read      268.5   253.6    63.8   112.5   126.1   246.0   293.4   318.3   336.6   357.8   384.6   427.6   675.8  3890.4  7958.7  30963.4    30867
read      270.7   211.9    59.1   109.3   121.1   247.5   303.2   334.0   356.0   381.1   412.4   463.2   742.9  3068.1  7252.4  45693.9    45656
read      535.5   620.6    68.9   141.4   164.2   304.2   411.6   514.8   704.3   996.5  1363.5  1682.5  3083.3  5743.5  9814.0 101030.0   100938
read      365.0   454.5    63.8   132.9   153.0   276.1   338.7   375.8   405.0   444.3   504.3   678.0  3012.1  4644.9  9832.9 132340.7   132360
read      271.9   248.6    59.1   107.0   118.1   232.7   297.6   335.3   363.6   396.3   436.9   505.2   832.0  3280.3  7801.0  67532.6    67591
read      262.9   256.9    59.1   109.8   122.1   238.5   285.9   310.6   327.7   347.6   374.2   417.8   779.2  3986.0  7691.8  33906.2    33910
read      320.7   360.3    59.1   115.2   129.2   243.1   329.1   394.4   441.2   493.0   556.9   669.6  1280.6  4381.8 11176.3  85647.3    85729
read      228.3   201.6    63.8   110.8   127.1   214.5   239.4   253.8   265.0   277.1   294.2   322.6   669.9  2984.1  7627.0  12893.5    12884
read      300.6   403.7    59.1   109.6   121.6   248.4   304.6   335.5   358.1   384.4   419.3   487.5  1777.6  6236.7  8731.0  45639.3    45621
read      283.7   347.4    63.8   110.9   123.6   245.4   295.8   322.2   341.1   363.6   392.7   441.5  1309.2  5433.7  8024.6  36905.8    36938
read      280.4   310.8    63.8   107.9   119.1   245.0   306.6   341.0   365.7   393.5   427.7   482.1   855.7  4926.1  9095.9  57010.2    56902
read      518.2   648.8    63.8   136.5   157.6   289.2   384.4   465.0   594.1   859.3  1263.3  1817.7  3169.2  7225.2  8131.5 102285.4   102243
read      233.6   170.1    63.8   111.0   126.6   219.2   247.4   263.2   273.9   288.3   306.7   339.9   795.6  2348.6  6934.0  14085.2    14085
read      355.2   425.3    59.1   117.2   132.2   247.3   339.4   416.9   473.0   540.3   634.2   847.1  1732.5  5399.6 11718.0  93986.2    94103
read      253.5   270.3    63.8   107.1   118.2   224.1   271.3   295.4   313.8   337.2   370.7   431.2   904.9  4158.7  8068.4  58019.9    58175
read      216.1   101.3    54.7   116.4   129.3   199.8   238.4   262.1   278.7   298.1   322.1   359.1   435.8   742.1  2352.0 151347.4   151312
read      208.1    86.6    59.1   104.6   114.7   192.9   243.6   268.4   284.0   300.4   319.6   347.1   403.8   518.1  1700.1  83340.0    83333
read      238.2    96.8    63.8   127.9   142.7   223.6   264.4   287.4   304.0   323.1   348.4   389.9   489.4   831.5  2011.5 165054.0   165153
read      206.3    90.8    59.1   108.5   118.9   186.9   230.1   256.4   274.6   295.1   318.7   352.6   425.9   691.2  2179.1 123792.7   123975
read      210.7    73.3    63.8   114.9   128.2   214.8   238.6   250.8   259.3   269.0   280.9   297.7   339.0   432.8  2424.4  28488.3    28449
read      199.0    66.6    63.8   115.1   131.6   200.6   218.2   227.9   234.0   242.7   252.8   269.9   307.1   888.5  1942.7  14872.3    14903
read      210.6    77.6    63.8   113.3   125.6   215.1   240.0   252.7   261.7   271.2   284.2   302.5   341.6   437.6  2642.3  31272.5    31189
read      215.8    70.1    59.1   112.4   124.4   220.4   250.9   265.5   274.7   286.6   299.7   319.7   364.8   442.1  1664.9  40403.9    40636
read      208.7    94.4    59.1   105.0   115.0   194.7   245.3   269.1   284.0   299.8   318.3   345.0   400.5   517.3  1822.1  80456.7    80574
read      245.6   101.1    63.8   130.7   146.5   230.7   272.2   295.6   313.0   333.7   360.8   402.1   505.2   801.8  2903.4 168691.7   168820
read      230.8    93.7    63.8   124.4   139.0   216.2   255.6   278.2   294.6   314.0   338.9   376.1   468.7   802.6  1953.3 162489.0   162621
read      203.6    93.6    54.7   104.2   114.1   184.7   232.4   259.9   277.4   296.0   317.4   346.4   404.3   557.0  2154.7 101487.4   101621
read      212.0    88.9    59.1   107.5   117.9   208.5   250.9   269.2   281.1   293.9   310.3   333.3   376.0   471.3  2686.1  58622.6    58592
read      219.7    91.7    68.9   118.1   131.0   203.6   243.6   267.2   284.1   303.4   327.5   364.2   447.2   755.6  1942.3 152803.7   153042
read      207.3    99.2    59.1   106.4   116.6   186.8   233.0   260.6   279.0   298.9   321.8   356.6   433.4   743.1  2455.6 112237.6   112238
read      232.7   108.8    68.9   123.5   138.3   216.8   257.3   280.4   296.8   316.9   342.5   383.8   492.8   859.1  3100.6 160238.4   160265
read      212.7    90.9    59.1   107.5   118.0   209.8   251.1   269.1   280.9   293.7   310.2   333.8   383.0   512.8  2442.0  57076.6    57109
read      208.0   100.1    63.8   105.0   115.0   191.0   241.8   267.7   283.8   300.7   319.9   348.5   407.5   545.7  1922.9  88573.8    88551
read      191.8    64.3    63.8   113.4   129.9   192.4   208.4   216.7   223.3   230.6   239.8   254.8   293.8   925.3  2427.3   8372.1     8385
read      212.6    67.8    59.1   114.2   126.9   215.9   243.8   257.5   267.0   277.1   290.9   311.2   352.3   447.3  1566.1  34053.0    34088
read      204.5    91.2    59.1   106.1   116.2   185.1   230.4   257.9   276.1   295.9   318.2   349.8   417.3   610.1  1633.1 113738.2   113600
read      207.8   102.6    59.1   109.9   120.6   188.6   230.5   256.1   274.2   294.6   318.5   353.0   428.0   693.3  2759.6 131727.1   131842
read      203.8    89.4    54.7   105.4   115.5   184.4   229.8   257.3   275.6   295.4   317.9   349.2   414.7   575.9  2574.7 111868.6   112066
read      210.2    89.4    59.1   105.4   115.5   198.8   248.1   270.7   285.0   300.1   318.0   343.9   397.4   494.6  1718.7  72619.8    72585
read      208.2    96.9    54.7   110.4   121.3   189.3   230.6   256.1   274.2   294.8   318.8   353.5   427.1   717.8  3132.5 133740.2   133669
read      194.6    63.6    63.8   113.8   130.9   195.4   212.8   222.0   228.7   235.4   247.2   264.3   304.4   908.5  2042.8  11853.5    11820
read      195.3    62.6    59.1   113.4   130.4   197.2   214.2   223.1   229.5   235.9   247.3   263.3   296.8   900.8  2000.5  12684.0    12639
read      205.0    95.8    59.1   107.0   117.3   185.7   229.9   256.8   275.2   295.2   318.1   350.1   417.6   605.4  2544.0 118529.3   118548
read      244.0   104.7    63.8   129.8   145.4   228.6   270.1   293.7   311.1   331.7   358.8   400.9   506.3   829.0  2946.7 165946.0   165754
read      207.9    95.5    59.1   104.8   114.7   191.7   242.3   267.8   283.7   300.5   319.6   346.9   403.9   536.4  2392.8  86754.7    86823
read      201.8    67.8    63.8   115.2   131.0   204.2   223.1   232.5   239.6   248.5   259.2   275.0   314.3   867.3  2147.4  16964.9    16898
read      207.2    96.8    59.1   108.7   119.1   187.9   231.3   257.9   276.2   296.5   319.9   354.0   426.2   650.7  2006.3 123051.0   123124
read      210.2    86.0    59.1   105.3   115.4   199.6   248.7   270.4   284.4   299.1   316.8   342.4   396.5   511.3  1970.1  72538.2    72278
read      215.1    80.4    63.8   110.3   121.4   217.5   252.8   268.8   279.4   291.3   306.1   326.8   370.3   455.1  1491.0  47824.3    47757
read      213.0    84.6    59.1   107.7   118.1   208.6   252.4   271.2   283.6   296.5   313.2   337.1   384.6   473.7  2479.3  60365.7    60510
read      208.8    66.8    63.8   115.2   128.8   213.0   235.1   246.8   254.2   264.1   274.4   292.9   333.1   556.1  1301.6  25294.9    25237

Total QPS = 93338.4 (93338424 / 1000.0s)

Total connections = 64
Misses = 0 (0.0%)
Skipped TXs = 0 (0.0%)

RX 23054591222 bytes :   22.0 MB/s
TX          0 bytes :    0.0 MB/s
Warning! Detected max cpu usage > 95%
CPU Usage Stats (avg/min/max): 99.87%,34.00%,100.00%
