1746888663,[0.0, 0.0, 0.0, 0.0]
1746888668,[0.2, 0.4, 0.6, 0.4]
1746888673,[0.4, 0.6, 0.8, 0.4]
1746888678,[0.6, 0.2, 0.8, 0.4]
1746888683,[1.2, 5.4, 1.2, 0.8]
1746888688,[0.4, 0.2, 0.8, 0.2]
1746888693,[5.0, 4.6, 4.6, 5.8]
1746888698,[1.6, 23.1, 1.4, 1.8]
1746888703,[1.6, 2.0, 2.2, 1.4]
1746888708,[3.4, 1.8, 4.8, 2.4]
1746888713,[0.6, 0.4, 0.4, 0.4]
1746888718,[0.2, 0.2, 0.8, 0.2]
1746888723,[0.4, 0.4, 0.6, 0.4]
1746888728,[0.2, 0.4, 0.6, 0.4]
1746888733,[3.6, 0.2, 1.2, 0.4]
1746888738,[5.7, 0.6, 1.0, 0.4]
1746888743,[6.7, 0.6, 0.8, 0.6]
1746888748,[10.4, 1.2, 1.0, 0.4]
1746888753,[19.2, 1.4, 1.0, 0.6]
1746888758,[15.7, 1.2, 1.2, 1.2]
1746888763,[18.4, 1.2, 1.0, 0.8]
1746888768,[25.5, 1.9, 1.4, 1.3]
1746888773,[36.3, 2.3, 1.4, 1.1]
1746888778,[33.0, 2.1, 1.2, 0.4]
1746888783,[35.4, 2.1, 1.2, 0.6]
1746888788,[44.7, 1.9, 1.0, 1.5]
1746888793,[51.5, 2.1, 1.1, 1.5]
1746888798,[44.1, 1.9, 1.3, 1.1]
1746888803,[45.4, 1.7, 1.5, 1.1]
1746888808,[55.3, 1.7, 1.7, 1.3]
1746888813,[58.1, 3.2, 2.1, 1.5]
1746888818,[49.7, 2.3, 1.9, 0.9]
1746888823,[50.0, 2.3, 1.7, 1.3]
1746888828,[60.8, 3.2, 2.2, 1.6]
1746888833,[60.5, 3.5, 1.3, 1.8]
1746888838,[52.7, 1.5, 1.9, 1.7]
1746888843,[53.5, 2.2, 1.3, 1.1]
1746888848,[68.2, 2.6, 3.4, 1.5]
1746888853,[65.0, 2.6, 1.8, 1.6]
1746888858,[56.5, 2.6, 1.3, 2.0]
1746888863,[57.4, 2.0, 2.0, 2.2]
1746888868,[75.6, 2.6, 2.1, 2.5]
1746888873,[68.5, 2.7, 1.5, 1.9]
1746888878,[60.0, 2.5, 1.5, 1.7]
1746888883,[60.2, 2.9, 1.7, 1.5]
1746888888,[84.6, 3.6, 3.4, 1.9]
1746888893,[70.7, 4.0, 2.5, 2.3]
1746888898,[63.6, 3.5, 3.1, 1.6]
1746888903,[64.1, 4.0, 2.4, 1.8]
1746888908,[91.9, 3.0, 3.8, 3.9]
1746888913,[72.0, 4.6, 3.1, 2.7]
1746888918,[66.0, 3.8, 4.3, 3.0]
1746888923,[65.8, 4.2, 2.6, 1.9]
1746888928,[95.8, 6.4, 2.7, 6.0]
1746888933,[69.9, 3.5, 5.3, 2.4]
1746888938,[66.0, 3.1, 5.3, 2.8]
1746888943,[65.9, 3.3, 4.6, 2.8]
1746888948,[98.2, 6.7, 3.9, 8.9]
1746888953,[67.3, 4.2, 2.4, 5.5]
1746888958,[65.9, 3.6, 3.0, 3.1]
1746888963,[66.6, 3.1, 1.3, 4.7]
1746888968,[99.2, 5.5, 4.2, 2.9]
1746888973,[66.0, 3.1, 2.8, 4.7]
1746888978,[65.9, 3.3, 2.8, 4.8]
1746888983,[69.2, 3.0, 3.3, 3.5]
1746888988,[96.4, 6.8, 4.7, 4.1]
1746888993,[65.8, 4.1, 2.2, 7.8]
1746888998,[65.8, 3.0, 2.2, 6.7]
1746889003,[71.8, 2.3, 4.2, 6.2]
1746889008,[94.0, 7.1, 4.4, 8.4]
1746889013,[65.9, 4.4, 2.6, 4.2]
1746889018,[65.9, 6.5, 3.1, 4.2]
1746889023,[74.3, 7.0, 4.4, 3.8]
1746889028,[0.2, 0.4, 0.6, 0.2]
1746889033,[0.2, 0.2, 0.8, 0.2]
1746889038,[0.4, 0.4, 0.8, 0.2]
1746889043,[20.0, 10.6, 4.8, 11.8]
1746889048,[1.6, 1.8, 1.8, 2.0]
1746889053,[5.8, 2.4, 2.4, 2.8]
1746889058,[1.4, 1.2, 1.2, 1.2]
1746889063,[0.2, 0.2, 0.6, 0.2]
1746889068,[0.4, 0.4, 0.6, 0.2]
1746889073,[0.2, 0.4, 0.8, 0.4]
1746889078,[0.8, 0.6, 1.0, 0.4]
1746889083,[2.7, 2.0, 0.4, 0.4]
1746889088,[6.2, 5.4, 1.4, 0.6]
1746889093,[7.3, 6.3, 1.2, 0.6]
1746889098,[10.1, 8.2, 1.4, 0.6]
1746889103,[15.4, 15.2, 1.2, 1.4]
1746889108,[13.9, 12.6, 1.2, 1.6]
1746889113,[13.1, 12.4, 1.2, 1.2]
1746889118,[14.2, 14.5, 1.8, 1.8]
1746889123,[20.8, 21.9, 3.0, 1.9]
1746889128,[16.5, 16.4, 1.4, 2.1]
1746889133,[16.6, 16.1, 2.3, 1.7]
1746889138,[16.5, 16.1, 2.3, 1.9]
1746889143,[26.2, 25.7, 2.9, 2.2]
1746889148,[18.9, 18.5, 2.7, 1.7]
1746889153,[18.1, 19.3, 1.7, 1.9]
1746889158,[20.9, 22.3, 2.5, 2.5]
1746889163,[31.5, 29.4, 3.0, 2.0]
1746889168,[22.2, 21.6, 2.7, 1.9]
1746889173,[24.1, 22.7, 2.3, 1.7]
1746889178,[27.0, 25.4, 3.2, 1.5]
1746889183,[37.4, 37.0, 3.7, 3.0]
1746889188,[28.5, 28.9, 4.3, 2.8]
1746889193,[30.2, 29.5, 3.8, 2.2]
1746889198,[36.2, 35.4, 3.9, 2.5]
1746889203,[49.6, 47.9, 4.6, 3.9]
1746889208,[38.7, 37.1, 3.3, 2.2]
1746889213,[39.7, 36.0, 4.1, 1.9]
1746889218,[48.1, 41.4, 3.7, 1.7]
1746889223,[52.3, 56.2, 4.6, 3.4]
1746889228,[41.4, 41.9, 4.1, 3.1]
1746889233,[43.2, 43.0, 3.7, 2.7]
1746889238,[52.8, 52.1, 4.6, 3.7]
1746889243,[62.3, 58.0, 5.0, 5.9]
1746889248,[47.9, 47.6, 4.4, 3.3]
1746889253,[48.3, 49.0, 4.0, 2.7]
1746889258,[57.3, 60.0, 5.5, 2.8]
1746889263,[66.8, 62.7, 5.5, 3.5]
1746889268,[51.1, 50.8, 5.3, 3.9]
1746889273,[51.0, 52.2, 4.4, 3.9]
1746889278,[62.8, 66.8, 6.7, 3.5]
1746889283,[67.0, 67.4, 6.2, 4.0]
1746889288,[54.4, 55.4, 4.9, 4.4]
1746889293,[54.7, 54.8, 5.3, 5.3]
1746889298,[72.7, 71.0, 5.8, 4.4]
1746889303,[67.6, 69.1, 7.4, 4.5]
1746889308,[58.3, 57.4, 5.3, 4.3]
1746889313,[59.1, 58.0, 3.7, 4.6]
1746889318,[75.8, 75.9, 5.1, 9.1]
1746889323,[70.0, 68.5, 10.7, 5.0]
1746889328,[61.1, 58.6, 8.9, 5.5]
1746889333,[60.8, 58.3, 8.0, 5.8]
1746889338,[83.7, 83.3, 8.6, 7.4]
1746889343,[71.4, 65.7, 11.3, 10.2]
1746889348,[62.6, 60.1, 11.2, 7.1]
1746889353,[62.6, 60.9, 9.5, 7.2]
1746889358,[86.1, 83.3, 17.9, 15.8]
1746889363,[69.0, 68.4, 16.3, 10.6]
1746889368,[62.4, 60.0, 11.9, 12.8]
1746889373,[58.2, 55.7, 12.5, 12.1]
1746889378,[0.4, 0.0, 0.6, 0.2]
1746889383,[0.2, 0.4, 0.6, 0.6]
1746889388,[0.4, 0.4, 0.6, 0.2]
1746889393,[0.4, 0.4, 0.6, 0.4]
1746889398,[0.4, 0.4, 0.8, 0.2]
1746889403,[0.4, 0.2, 0.6, 0.2]
1746889408,[0.0, 0.0, 0.6, 0.2]
1746889413,[0.6, 0.4, 0.8, 0.4]
1746889418,[0.4, 0.4, 0.6, 0.4]
1746889423,[0.4, 0.2, 0.4, 0.4]
1746889428,[0.6, 0.6, 0.4, 0.6]
1746889433,[0.2, 0.2, 0.6, 0.6]
1746889438,[0.4, 0.4, 0.2, 0.4]
1746889443,[0.2, 0.2, 0.4, 0.8]