1746887438,0.0
1746887443,0.5
1746887448,2.0
1746887453,0.4
1746887458,7.6
1746887463,4.4
1746887468,4.5
1746887473,0.7
1746887478,0.4
1746887483,0.6
1746887488,0.7
1746887493,0.4
1746887498,0.5
1746887503,0.6
1746887508,0.6
1746887513,0.5
1746887518,2.2
1746887523,0.5
1746887528,7.6
1746887533,4.6
1746887538,3.2
1746887543,1.6
1746887548,0.3
1746887553,0.7
1746887558,0.6
1746887563,0.6
1746887568,2.2
1746887573,2.8
1746887578,2.8
1746887583,3.4
1746887588,7.0
1746887593,5.7
1746887598,6.0
1746887603,7.2
1746887608,13.4
1746887613,11.1
1746887618,12.3
1746887623,13.6
1746887628,20.3
1746887633,15.1
1746887638,15.4
1746887643,16.9
1746887648,23.1
1746887653,16.4
1746887658,16.8
1746887663,18.9
1746887668,23.7
1746887673,17.6
1746887678,17.7
1746887683,20.5
1746887688,24.3
1746887693,18.3
1746887698,18.1
1746887703,22.3
1746887708,24.8
1746887713,18.9
1746887718,18.7
1746887723,23.5
1746887728,24.9
1746887733,19.7
1746887738,19.5
1746887743,25.5
1746887748,25.4
1746887753,20.9
1746887758,20.7
1746887763,28.5
1746887768,24.2
1746887773,20.7
1746887778,21.6
1746887783,29.6
1746887788,23.3
1746887793,20.0
1746887798,20.5
1746887803,28.6
1746887808,22.7
1746887813,20.5
1746887818,20.9
1746887823,30.0
1746887828,22.6
1746887833,20.4
1746887838,20.1
1746887843,31.2
1746887848,22.1
1746887853,20.6
1746887858,19.7
1746887863,0.4
1746887868,0.5
1746887873,0.4
1746887878,12.2
1746887883,2.2
1746887888,3.3
1746887893,0.8
1746887898,0.4
1746887903,0.5
1746887908,0.4
1746887913,1.2
1746887918,1.7
1746887923,3.8
1746887928,6.0
1746887933,4.9
1746887938,5.6
1746887943,8.3
1746887948,8.5
1746887953,7.5
1746887958,7.3
1746887963,11.7
1746887968,11.1
1746887973,9.5
1746887978,9.5
1746887983,13.5
1746887988,13.0
1746887993,12.0
1746887998,11.3
1746888003,17.5
1746888008,18.0
1746888013,15.1
1746888018,16.4
1746888023,23.0
1746888028,19.5
1746888033,19.0
1746888038,20.1
1746888043,30.1
1746888048,23.8
1746888053,23.0
1746888058,24.5
1746888063,36.8
1746888068,27.9
1746888073,26.8
1746888078,27.4
1746888083,41.7
1746888088,29.1
1746888093,29.4
1746888098,30.2
1746888103,44.8
1746888108,31.3
1746888113,32.0
1746888118,33.5
1746888123,47.9
1746888128,33.7
1746888133,34.1
1746888138,37.8
1746888143,49.1
1746888148,35.0
1746888153,35.2
1746888158,40.7
1746888163,49.6
1746888168,36.3
1746888173,36.7
1746888178,44.1
1746888183,51.3
1746888188,37.8
1746888193,38.3
1746888198,47.6
1746888203,50.2
1746888208,8.1
1746888213,0.4
1746888218,0.5
1746888223,0.4