timestamp,datetime,core_0,core_1,core_2,core_3
1747130327.3854563,2025-05-13 09:58:47,89.40,64.90,70.50,93.60
1747130328.693243,2025-05-13 09:58:48,81.10,100.00,11.40,100.00
1747130329.9985847,2025-05-13 09:58:49,85.20,100.00,10.10,100.00
1747130331.3042142,2025-05-13 09:58:51,84.70,100.00,7.40,100.00
1747130332.6092885,2025-05-13 09:58:52,83.30,100.00,9.00,100.00
1747130333.9144874,2025-05-13 09:58:53,84.90,100.00,6.00,100.00
1747130335.2200713,2025-05-13 09:58:55,83.30,100.00,10.10,100.00
1747130336.5256102,2025-05-13 09:58:56,6.70,100.00,3.90,100.00
1747130337.829464,2025-05-13 09:58:57,3.30,100.00,5.20,100.00
1747130339.1333604,2025-05-13 09:58:59,9.50,100.00,6.50,100.00
1747130340.4377303,2025-05-13 09:59:00,8.20,79.70,26.00,100.00
1747130341.7424023,2025-05-13 09:59:01,1.90,5.30,100.00,100.00
1747130343.046839,2025-05-13 09:59:03,5.50,7.70,100.00,100.00
1747130344.3514895,2025-05-13 09:59:04,7.10,58.40,100.00,100.00
1747130345.6575854,2025-05-13 09:59:05,13.60,100.00,100.00,100.00
1747130346.963045,2025-05-13 09:59:06,96.10,100.00,100.00,100.00
1747130348.2899723,2025-05-13 09:59:08,94.90,100.00,100.00,100.00
1747130349.6273372,2025-05-13 09:59:09,91.70,100.00,100.00,100.00
1747130350.9335053,2025-05-13 09:59:10,93.50,100.00,100.00,100.00
1747130352.2398357,2025-05-13 09:59:12,95.30,100.00,100.00,100.00
1747130353.5485258,2025-05-13 09:59:13,94.90,100.00,100.00,100.00
1747130354.8525453,2025-05-13 09:59:14,96.10,100.00,100.00,100.00
1747130356.158706,2025-05-13 09:59:16,87.70,100.00,100.00,100.00
1747130357.466686,2025-05-13 09:59:17,79.20,100.00,100.00,100.00
1747130358.7767456,2025-05-13 09:59:18,72.70,100.00,100.00,100.00
1747130360.0854435,2025-05-13 09:59:20,72.70,100.00,100.00,100.00
1747130361.3901632,2025-05-13 09:59:21,73.30,100.00,100.00,100.00
1747130362.6971312,2025-05-13 09:59:22,70.00,100.00,100.00,100.00
1747130364.0041296,2025-05-13 09:59:24,72.70,100.00,100.00,100.00
1747130365.3103964,2025-05-13 09:59:25,77.10,100.00,100.00,100.00
1747130366.6168349,2025-05-13 09:59:26,41.00,100.00,100.00,100.00
1747130367.9619727,2025-05-13 09:59:27,34.20,100.00,100.00,100.00
1747130369.289692,2025-05-13 09:59:29,33.30,100.00,100.00,100.00
1747130370.5976264,2025-05-13 09:59:30,31.60,100.00,100.00,100.00
1747130371.9030447,2025-05-13 09:59:31,31.60,100.00,100.00,100.00
1747130373.2090683,2025-05-13 09:59:33,36.80,100.00,100.00,100.00
1747130374.5160866,2025-05-13 09:59:34,38.50,100.00,100.00,100.00
1747130375.8205378,2025-05-13 09:59:35,32.50,100.00,100.00,100.00
1747130377.1251307,2025-05-13 09:59:37,14.70,100.00,100.00,100.00
1747130378.4298382,2025-05-13 09:59:38,7.70,100.00,100.00,100.00
1747130379.736178,2025-05-13 09:59:39,4.80,100.00,100.00,100.00
1747130381.0415595,2025-05-13 09:59:41,10.80,100.00,100.00,100.00
1747130382.3470683,2025-05-13 09:59:42,11.90,100.00,100.00,100.00
1747130383.653537,2025-05-13 09:59:43,13.20,100.00,100.00,100.00
1747130384.9588606,2025-05-13 09:59:44,12.30,100.00,100.00,100.00
1747130386.2643545,2025-05-13 09:59:46,70.30,100.00,100.00,100.00
1747130387.5726044,2025-05-13 09:59:47,100.00,100.00,100.00,100.00
1747130388.898519,2025-05-13 09:59:48,97.50,100.00,98.80,100.00
1747130390.241823,2025-05-13 09:59:50,98.60,100.00,100.00,100.00
1747130391.547808,2025-05-13 09:59:51,98.70,100.00,100.00,100.00
1747130392.854343,2025-05-13 09:59:52,97.20,100.00,100.00,100.00
1747130394.1603658,2025-05-13 09:59:54,92.60,100.00,100.00,100.00
1747130395.4694655,2025-05-13 09:59:55,98.60,98.80,100.00,100.00
1747130396.7752638,2025-05-13 09:59:56,83.10,98.70,100.00,100.00
1747130398.08671,2025-05-13 09:59:58,100.00,100.00,100.00,100.00
1747130399.3925238,2025-05-13 09:59:59,100.00,100.00,100.00,100.00
1747130400.700606,2025-05-13 10:00:00,100.00,100.00,100.00,100.00
1747130402.0077093,2025-05-13 10:00:02,100.00,100.00,100.00,100.00
1747130403.3183389,2025-05-13 10:00:03,89.70,98.70,100.00,100.00
1747130404.6256747,2025-05-13 10:00:04,73.30,100.00,100.00,100.00
1747130405.9306233,2025-05-13 10:00:05,76.60,97.50,100.00,100.00
1747130407.2355342,2025-05-13 10:00:07,17.00,96.30,100.00,100.00
1747130408.5891294,2025-05-13 10:00:08,7.30,100.00,100.00,100.00
1747130409.917678,2025-05-13 10:00:09,4.80,100.00,100.00,100.00
1747130411.224088,2025-05-13 10:00:11,26.70,100.00,98.80,100.00
1747130412.531883,2025-05-13 10:00:12,14.60,100.00,97.50,97.50
1747130413.8385053,2025-05-13 10:00:13,19.50,97.50,98.80,100.00
1747130415.1437232,2025-05-13 10:00:15,21.40,96.30,96.30,100.00
1747130416.4493005,2025-05-13 10:00:16,93.20,98.70,98.70,100.00
1747130417.782679,2025-05-13 10:00:17,100.00,100.00,97.50,100.00
1747130419.1298258,2025-05-13 10:00:19,98.70,100.00,96.20,100.00
1747130422.8328078,2025-05-13 10:00:22,93.20,100.00,98.80,97.50
1747130424.1398,2025-05-13 10:00:24,92.80,100.00,98.70,100.00
1747130425.4453232,2025-05-13 10:00:25,91.40,98.80,98.70,100.00
1747130426.7522573,2025-05-13 10:00:26,95.80,91.80,100.00,100.00
1747130428.0583286,2025-05-13 10:00:28,70.60,93.50,100.00,100.00
1747130429.364885,2025-05-13 10:00:29,76.90,94.60,100.00,100.00
1747130430.670602,2025-05-13 10:00:30,76.90,94.90,100.00,100.00
1747130431.9779475,2025-05-13 10:00:31,83.00,97.40,100.00,100.00
1747130433.283492,2025-05-13 10:00:33,80.00,97.50,98.80,100.00
1747130434.5901992,2025-05-13 10:00:34,81.80,96.20,100.00,100.00
1747130435.895491,2025-05-13 10:00:35,66.00,97.50,100.00,100.00
1747130437.2019315,2025-05-13 10:00:37,21.10,93.60,100.00,100.00
1747130439.4603498,2025-05-13 10:00:39,17.50,100.00,100.00,100.00
1747130440.7891648,2025-05-13 10:00:40,9.40,100.00,100.00,100.00
1747130442.0970047,2025-05-13 10:00:42,10.50,100.00,100.00,100.00
1747130443.4029906,2025-05-13 10:00:43,3.80,100.00,100.00,100.00
1747130444.7099066,2025-05-13 10:00:44,13.00,100.00,98.80,98.70
1747130446.0156438,2025-05-13 10:00:46,45.00,89.90,86.20,87.70
1747130452.2487924,2025-05-13 10:00:52,100.00,100.00,93.60,98.80
1747130453.57688,2025-05-13 10:00:53,95.80,100.00,100.00,100.00
1747130454.9550486,2025-05-13 10:00:54,94.10,100.00,100.00,100.00
1747130456.2630937,2025-05-13 10:00:56,40.60,100.00,100.00,100.00
1747130457.5958753,2025-05-13 10:00:57,14.50,100.00,100.00,100.00
1747130458.919961,2025-05-13 10:00:58,6.50,100.00,100.00,100.00
1747130460.2240417,2025-05-13 10:01:00,11.80,100.00,100.00,100.00
1747130461.530315,2025-05-13 10:01:01,10.80,100.00,100.00,100.00
1747130462.8349967,2025-05-13 10:01:02,20.30,100.00,100.00,100.00
1747130464.1425295,2025-05-13 10:01:04,8.10,100.00,100.00,100.00
1747130465.4467387,2025-05-13 10:01:05,16.10,100.00,100.00,100.00
1747130466.752512,2025-05-13 10:01:06,93.30,100.00,100.00,100.00
1747130468.0794897,2025-05-13 10:01:08,89.10,100.00,100.00,100.00
1747130469.3846161,2025-05-13 10:01:09,86.00,100.00,100.00,100.00
1747130470.693863,2025-05-13 10:01:10,86.30,100.00,100.00,100.00
1747130471.999898,2025-05-13 10:01:11,84.70,100.00,100.00,100.00
1747130473.305598,2025-05-13 10:01:13,86.00,100.00,100.00,100.00
1747130474.6104677,2025-05-13 10:01:14,86.00,100.00,100.00,100.00
1747130475.9157689,2025-05-13 10:01:15,72.10,100.00,100.00,100.00
1747130477.220907,2025-05-13 10:01:17,16.40,100.00,100.00,100.00
1747130478.5415099,2025-05-13 10:01:18,12.50,100.00,100.00,100.00
1747130479.8492706,2025-05-13 10:01:19,12.50,100.00,100.00,100.00
1747130481.1546872,2025-05-13 10:01:21,14.10,100.00,100.00,100.00
1747130482.4595315,2025-05-13 10:01:22,13.90,100.00,100.00,100.00
1747130483.7650015,2025-05-13 10:01:23,12.70,100.00,100.00,100.00
1747130485.0699725,2025-05-13 10:01:25,12.90,100.00,100.00,100.00
1747130486.3761797,2025-05-13 10:01:26,51.00,100.00,100.00,100.00
1747130487.6819801,2025-05-13 10:01:27,61.90,100.00,100.00,100.00
1747130488.9902046,2025-05-13 10:01:28,57.90,100.00,100.00,100.00
1747130490.2977974,2025-05-13 10:01:30,55.80,100.00,100.00,100.00
1747130491.603903,2025-05-13 10:01:31,62.20,100.00,100.00,100.00
1747130492.909696,2025-05-13 10:01:32,68.90,100.00,100.00,100.00
1747130494.2160506,2025-05-13 10:01:34,63.40,100.00,100.00,100.00
1747130495.5256257,2025-05-13 10:01:35,60.50,100.00,100.00,100.00
1747130496.8314726,2025-05-13 10:01:36,8.90,100.00,100.00,100.00
1747130498.1378076,2025-05-13 10:01:38,8.70,100.00,100.00,100.00
1747130499.4432108,2025-05-13 10:01:39,14.90,100.00,100.00,100.00
1747130500.7504072,2025-05-13 10:01:40,14.90,100.00,100.00,100.00
1747130502.0570908,2025-05-13 10:01:42,10.60,100.00,100.00,100.00
1747130503.3632853,2025-05-13 10:01:43,14.60,100.00,100.00,100.00
1747130504.6696901,2025-05-13 10:01:44,13.00,100.00,100.00,100.00
1747130505.9765646,2025-05-13 10:01:45,8.20,100.00,100.00,100.00
1747130507.2835255,2025-05-13 10:01:47,12.70,100.00,100.00,100.00
1747130508.5908687,2025-05-13 10:01:48,12.70,100.00,100.00,100.00
1747130509.8969839,2025-05-13 10:01:49,11.10,100.00,100.00,100.00
1747130511.2026923,2025-05-13 10:01:51,13.00,100.00,100.00,100.00
1747130512.5092368,2025-05-13 10:01:52,16.70,100.00,100.00,100.00
1747130513.81515,2025-05-13 10:01:53,9.30,100.00,100.00,100.00
1747130515.1216607,2025-05-13 10:01:55,5.70,100.00,100.00,100.00
1747130516.4278436,2025-05-13 10:01:56,90.70,100.00,100.00,100.00
1747130517.7589958,2025-05-13 10:01:57,90.10,100.00,100.00,100.00
1747130519.098496,2025-05-13 10:01:59,100.00,100.00,100.00,100.00
1747130520.4041722,2025-05-13 10:02:00,100.00,100.00,100.00,100.00
1747130521.7100601,2025-05-13 10:02:01,94.60,100.00,100.00,100.00
1747130523.0166993,2025-05-13 10:02:03,100.00,100.00,94.90,100.00
1747130524.321739,2025-05-13 10:02:04,62.30,100.00,100.00,100.00
1747130525.6294377,2025-05-13 10:02:05,88.60,100.00,98.70,100.00
1747130526.9347758,2025-05-13 10:02:06,71.10,100.00,100.00,100.00
1747130528.2412405,2025-05-13 10:02:08,72.90,100.00,100.00,100.00
1747130529.5477366,2025-05-13 10:02:09,74.50,100.00,100.00,100.00
1747130530.8548326,2025-05-13 10:02:10,74.50,100.00,100.00,100.00
1747130532.1608562,2025-05-13 10:02:12,72.30,100.00,100.00,100.00
1747130533.4741652,2025-05-13 10:02:13,67.40,100.00,100.00,100.00
1747130534.7797632,2025-05-13 10:02:14,66.70,100.00,100.00,100.00
1747130536.0853772,2025-05-13 10:02:16,89.10,100.00,100.00,100.00
1747130537.3915153,2025-05-13 10:02:17,100.00,100.00,100.00,100.00
1747130538.6990385,2025-05-13 10:02:18,100.00,100.00,100.00,100.00
1747130540.006594,2025-05-13 10:02:20,98.70,100.00,100.00,100.00
1747130541.3129408,2025-05-13 10:02:21,100.00,100.00,100.00,100.00
1747130542.6222084,2025-05-13 10:02:22,91.50,100.00,100.00,100.00
1747130543.9299242,2025-05-13 10:02:23,71.20,100.00,100.00,100.00
1747130545.2378905,2025-05-13 10:02:25,73.20,100.00,100.00,100.00
1747130546.5445666,2025-05-13 10:02:26,97.40,100.00,100.00,100.00
1747130547.850868,2025-05-13 10:02:27,69.00,100.00,100.00,100.00
1747130549.1585793,2025-05-13 10:02:29,55.80,100.00,100.00,100.00
1747130550.5117092,2025-05-13 10:02:30,61.80,100.00,100.00,100.00
1747130551.8200865,2025-05-13 10:02:31,52.10,100.00,100.00,100.00
1747130553.1485145,2025-05-13 10:02:33,100.00,100.00,100.00,100.00
1747130554.4754124,2025-05-13 10:02:34,53.10,100.00,100.00,100.00
1747130555.7975454,2025-05-13 10:02:35,100.00,100.00,100.00,100.00
1747130557.1256084,2025-05-13 10:02:37,51.90,100.00,100.00,100.00
1747130558.451579,2025-05-13 10:02:38,83.60,100.00,100.00,100.00
1747130559.7599077,2025-05-13 10:02:39,86.80,100.00,100.00,100.00
1747130561.0649228,2025-05-13 10:02:41,81.20,100.00,100.00,100.00
1747130562.369624,2025-05-13 10:02:42,80.00,100.00,100.00,100.00
1747130563.675873,2025-05-13 10:02:43,77.80,100.00,100.00,100.00
1747130564.9835105,2025-05-13 10:02:44,82.40,100.00,100.00,100.00
1747130566.288853,2025-05-13 10:02:46,91.80,100.00,100.00,100.00
1747130567.6239963,2025-05-13 10:02:47,91.80,100.00,100.00,100.00
1747130568.9705422,2025-05-13 10:02:48,88.50,100.00,100.00,100.00
1747130570.277963,2025-05-13 10:02:50,94.00,100.00,100.00,100.00
1747130571.5859191,2025-05-13 10:02:51,91.40,100.00,100.00,100.00
1747130572.8915627,2025-05-13 10:02:52,91.80,100.00,100.00,100.00
1747130574.1974866,2025-05-13 10:02:54,91.40,100.00,100.00,100.00
1747130575.5036278,2025-05-13 10:02:55,92.20,100.00,98.70,100.00
1747130577.1463223,2025-05-13 10:02:57,98.70,100.00,100.00,100.00
1747130578.4549472,2025-05-13 10:02:58,100.00,100.00,100.00,100.00
1747130579.7624066,2025-05-13 10:02:59,100.00,100.00,100.00,100.00
1747130581.0689464,2025-05-13 10:03:01,100.00,100.00,100.00,100.00
1747130582.3772624,2025-05-13 10:03:02,100.00,100.00,100.00,100.00
1747130583.6836703,2025-05-13 10:03:03,90.10,98.70,100.00,100.00
1747130584.992932,2025-05-13 10:03:04,94.60,100.00,100.00,100.00
1747130586.2988994,2025-05-13 10:03:06,93.20,100.00,100.00,100.00
1747130587.6058903,2025-05-13 10:03:07,97.30,100.00,100.00,100.00
1747130588.9138927,2025-05-13 10:03:08,100.00,100.00,100.00,100.00
1747130590.22151,2025-05-13 10:03:10,94.70,100.00,100.00,100.00
1747130591.528586,2025-05-13 10:03:11,91.80,100.00,100.00,100.00
1747130592.835302,2025-05-13 10:03:12,85.30,100.00,100.00,100.00
1747130594.1427307,2025-05-13 10:03:14,97.40,100.00,100.00,100.00
1747130595.4519854,2025-05-13 10:03:15,96.10,100.00,100.00,100.00
1747130596.7575483,2025-05-13 10:03:16,12.80,100.00,100.00,100.00
1747130598.1016512,2025-05-13 10:03:18,15.10,100.00,100.00,100.00
1747130599.427234,2025-05-13 10:03:19,21.30,100.00,100.00,100.00
1747130600.734029,2025-05-13 10:03:20,22.40,100.00,100.00,100.00
1747130602.0409453,2025-05-13 10:03:22,15.20,100.00,100.00,100.00
1747130603.3479335,2025-05-13 10:03:23,10.90,100.00,100.00,100.00
1747130604.6541498,2025-05-13 10:03:24,20.80,100.00,100.00,100.00
1747130605.961338,2025-05-13 10:03:25,48.20,100.00,100.00,100.00
1747130607.2668061,2025-05-13 10:03:27,100.00,100.00,100.00,100.00
1747130608.5947223,2025-05-13 10:03:28,70.40,100.00,100.00,100.00
1747130609.9004383,2025-05-13 10:03:29,51.90,100.00,100.00,100.00
1747130611.2300375,2025-05-13 10:03:31,100.00,100.00,100.00,100.00
1747130612.5713186,2025-05-13 10:03:32,67.30,100.00,100.00,100.00
1747130613.8779514,2025-05-13 10:03:33,58.00,100.00,100.00,100.00
1747130615.2057996,2025-05-13 10:03:35,100.00,100.00,100.00,100.00
1747130616.5305912,2025-05-13 10:03:36,16.90,100.00,100.00,100.00
1747130617.8577387,2025-05-13 10:03:37,15.00,100.00,100.00,100.00
1747130619.162869,2025-05-13 10:03:39,14.30,100.00,100.00,100.00
1747130620.468454,2025-05-13 10:03:40,15.60,100.00,100.00,100.00
1747130621.7736988,2025-05-13 10:03:41,11.30,100.00,100.00,100.00
1747130623.0795789,2025-05-13 10:03:43,11.30,100.00,100.00,100.00
1747130624.3854969,2025-05-13 10:03:44,12.50,100.00,100.00,100.00
1747130625.6914213,2025-05-13 10:03:45,12.90,100.00,100.00,100.00
1747130626.997321,2025-05-13 10:03:46,100.00,100.00,100.00,100.00
1747130628.3218417,2025-05-13 10:03:48,98.70,100.00,100.00,100.00
1747130629.666833,2025-05-13 10:03:49,100.00,100.00,100.00,100.00
1747130630.9727414,2025-05-13 10:03:50,100.00,100.00,100.00,100.00
1747130632.280377,2025-05-13 10:03:52,93.00,100.00,100.00,100.00
1747130633.5851345,2025-05-13 10:03:53,98.80,100.00,100.00,100.00
1747130634.8897808,2025-05-13 10:03:54,100.00,100.00,100.00,100.00
1747130636.1960847,2025-05-13 10:03:56,100.00,100.00,100.00,100.00
1747130637.5001783,2025-05-13 10:03:57,100.00,100.00,100.00,100.00
1747130638.8071043,2025-05-13 10:03:58,98.70,100.00,100.00,100.00
1747130640.1129394,2025-05-13 10:04:00,100.00,100.00,100.00,100.00
1747130641.4194138,2025-05-13 10:04:01,98.70,100.00,100.00,100.00
1747130642.7249043,2025-05-13 10:04:02,100.00,100.00,100.00,100.00
1747130644.0348287,2025-05-13 10:04:04,100.00,100.00,100.00,100.00
1747130645.3407776,2025-05-13 10:04:05,98.70,100.00,100.00,100.00
1747130646.647089,2025-05-13 10:04:06,98.70,100.00,100.00,100.00
1747130647.9533665,2025-05-13 10:04:07,100.00,100.00,100.00,100.00
1747130649.2579112,2025-05-13 10:04:09,56.10,100.00,100.00,100.00
1747130650.6082165,2025-05-13 10:04:10,10.70,100.00,100.00,100.00
1747130651.9336329,2025-05-13 10:04:11,10.50,100.00,100.00,100.00
1747130653.2400553,2025-05-13 10:04:13,10.90,100.00,100.00,100.00
1747130654.5460467,2025-05-13 10:04:14,10.90,100.00,100.00,100.00
1747130655.8521328,2025-05-13 10:04:15,24.10,100.00,100.00,100.00
1747130657.1577609,2025-05-13 10:04:17,100.00,100.00,100.00,100.00
1747130658.482065,2025-05-13 10:04:18,100.00,100.00,100.00,100.00
1747130659.8365872,2025-05-13 10:04:19,100.00,100.00,100.00,100.00
1747130661.1438656,2025-05-13 10:04:21,100.00,100.00,100.00,100.00
1747130662.4492462,2025-05-13 10:04:22,98.80,100.00,100.00,100.00
1747130663.755136,2025-05-13 10:04:23,100.00,100.00,100.00,100.00
1747130665.0619352,2025-05-13 10:04:25,100.00,100.00,100.00,100.00
1747130666.3688958,2025-05-13 10:04:26,100.00,100.00,100.00,100.00
1747130667.6765168,2025-05-13 10:04:27,100.00,100.00,100.00,100.00
1747130668.9824228,2025-05-13 10:04:28,84.40,100.00,100.00,100.00
1747130670.288838,2025-05-13 10:04:30,98.70,100.00,100.00,100.00
1747130671.59557,2025-05-13 10:04:31,100.00,100.00,100.00,100.00
1747130672.9027727,2025-05-13 10:04:32,97.40,100.00,100.00,100.00
1747130674.209448,2025-05-13 10:04:34,91.70,100.00,100.00,100.00
1747130675.516934,2025-05-13 10:04:35,100.00,100.00,100.00,100.00
1747130676.8248105,2025-05-13 10:04:36,98.70,100.00,100.00,100.00
1747130678.1296403,2025-05-13 10:04:38,100.00,100.00,100.00,100.00
1747130679.4348223,2025-05-13 10:04:39,100.00,100.00,100.00,100.00
1747130680.7401876,2025-05-13 10:04:40,100.00,100.00,100.00,100.00
1747130682.0463803,2025-05-13 10:04:42,100.00,100.00,100.00,100.00
1747130683.3524172,2025-05-13 10:04:43,100.00,100.00,100.00,100.00
1747130684.6567285,2025-05-13 10:04:44,100.00,100.00,100.00,100.00
1747130685.9619746,2025-05-13 10:04:45,100.00,100.00,100.00,100.00
1747130687.2677598,2025-05-13 10:04:47,100.00,100.00,100.00,100.00
1747130688.5734112,2025-05-13 10:04:48,100.00,100.00,100.00,100.00
1747130689.8815403,2025-05-13 10:04:49,87.70,100.00,100.00,100.00
1747130691.1891024,2025-05-13 10:04:51,52.40,100.00,100.00,100.00
1747130692.5358696,2025-05-13 10:04:52,52.30,100.00,100.00,100.00
1747130693.862513,2025-05-13 10:04:53,52.40,100.00,100.00,100.00
1747130695.1695218,2025-05-13 10:04:55,54.50,100.00,100.00,100.00
1747130696.4795,2025-05-13 10:04:56,69.80,100.00,100.00,100.00
1747130697.7955282,2025-05-13 10:04:57,71.70,100.00,100.00,100.00
1747130699.1021461,2025-05-13 10:04:59,65.10,100.00,100.00,100.00
1747130700.4067743,2025-05-13 10:05:00,65.90,100.00,100.00,100.00
1747130701.7139766,2025-05-13 10:05:01,69.60,100.00,100.00,100.00
1747130703.0205843,2025-05-13 10:05:03,70.20,100.00,100.00,100.00
1747130704.3270702,2025-05-13 10:05:04,68.90,100.00,100.00,100.00
1747130705.633285,2025-05-13 10:05:05,75.50,100.00,100.00,100.00
1747130706.9378326,2025-05-13 10:05:06,15.20,100.00,100.00,100.00
1747130708.24248,2025-05-13 10:05:08,14.10,100.00,100.00,100.00
1747130709.5477195,2025-05-13 10:05:09,13.20,100.00,100.00,100.00
1747130710.8529077,2025-05-13 10:05:10,18.20,100.00,100.00,100.00
1747130712.1587005,2025-05-13 10:05:12,13.30,100.00,100.00,100.00
1747130713.4635234,2025-05-13 10:05:13,14.50,100.00,100.00,100.00
1747130714.7685275,2025-05-13 10:05:14,17.70,100.00,100.00,100.00
1747130716.073748,2025-05-13 10:05:16,41.90,100.00,100.00,100.00
1747130717.3802075,2025-05-13 10:05:17,97.10,100.00,100.00,100.00
1747130718.7045379,2025-05-13 10:05:18,97.10,100.00,100.00,100.00
1747130720.0500216,2025-05-13 10:05:20,95.60,100.00,100.00,100.00
1747130721.3576689,2025-05-13 10:05:21,97.30,100.00,100.00,100.00
1747130722.664357,2025-05-13 10:05:22,97.20,100.00,100.00,100.00
1747130723.970154,2025-05-13 10:05:23,97.10,100.00,100.00,100.00
1747130725.2766335,2025-05-13 10:05:25,94.20,100.00,100.00,100.00
1747130726.5813317,2025-05-13 10:05:26,100.00,100.00,100.00,100.00
1747130727.886002,2025-05-13 10:05:27,100.00,100.00,100.00,100.00
1747130729.1926663,2025-05-13 10:05:29,100.00,100.00,100.00,100.00
1747130730.4976854,2025-05-13 10:05:30,100.00,100.00,100.00,100.00
1747130731.8042455,2025-05-13 10:05:31,100.00,100.00,100.00,100.00
1747130733.1106453,2025-05-13 10:05:33,100.00,100.00,100.00,100.00
1747130734.417254,2025-05-13 10:05:34,100.00,100.00,100.00,100.00
1747130735.723695,2025-05-13 10:05:35,100.00,100.00,100.00,100.00
1747130737.031901,2025-05-13 10:05:37,98.80,100.00,100.00,100.00
1747130738.3423984,2025-05-13 10:05:38,98.70,100.00,100.00,100.00
1747130739.6530936,2025-05-13 10:05:39,100.00,100.00,100.00,100.00
1747130740.9621356,2025-05-13 10:05:40,100.00,100.00,100.00,100.00
1747130742.268098,2025-05-13 10:05:42,100.00,100.00,100.00,100.00
1747130743.5756488,2025-05-13 10:05:43,95.70,100.00,100.00,100.00
1747130744.8828707,2025-05-13 10:05:44,95.80,100.00,98.70,100.00
1747130746.1906798,2025-05-13 10:05:46,46.90,100.00,100.00,100.00
1747130747.528071,2025-05-13 10:05:47,12.10,100.00,100.00,100.00
1747130748.8506916,2025-05-13 10:05:48,15.20,100.00,100.00,100.00
1747130750.1571062,2025-05-13 10:05:50,13.40,100.00,100.00,100.00
1747130751.463782,2025-05-13 10:05:51,16.20,100.00,100.00,100.00
1747130752.7688334,2025-05-13 10:05:52,17.40,100.00,100.00,100.00
1747130754.074444,2025-05-13 10:05:54,14.50,100.00,100.00,100.00
1747130755.379075,2025-05-13 10:05:55,10.90,100.00,100.00,100.00
1747130756.684399,2025-05-13 10:05:56,14.50,100.00,100.00,100.00
1747130757.9890485,2025-05-13 10:05:57,16.20,100.00,100.00,100.00
1747130759.2937574,2025-05-13 10:05:59,13.90,100.00,100.00,100.00
1747130760.598531,2025-05-13 10:06:00,13.90,100.00,100.00,100.00
1747130761.9033644,2025-05-13 10:06:01,16.90,100.00,100.00,100.00
1747130763.208244,2025-05-13 10:06:03,13.60,100.00,100.00,100.00
1747130764.5132039,2025-05-13 10:06:04,12.70,100.00,100.00,100.00
1747130765.8178787,2025-05-13 10:06:05,15.40,100.00,100.00,100.00
1747130767.126634,2025-05-13 10:06:07,68.10,100.00,100.00,100.00
1747130768.4317017,2025-05-13 10:06:08,70.20,100.00,100.00,100.00
1747130769.7375367,2025-05-13 10:06:09,65.20,100.00,100.00,100.00
1747130771.0424533,2025-05-13 10:06:11,72.00,100.00,100.00,100.00
1747130772.3495038,2025-05-13 10:06:12,65.10,100.00,100.00,100.00
1747130773.6548522,2025-05-13 10:06:13,62.80,100.00,100.00,100.00
1747130774.9625657,2025-05-13 10:06:14,72.00,100.00,100.00,100.00
1747130776.2710783,2025-05-13 10:06:16,33.30,100.00,100.00,100.00
1747130777.5771847,2025-05-13 10:06:17,21.10,100.00,100.00,100.00
1747130778.88291,2025-05-13 10:06:18,23.20,100.00,100.00,100.00
1747130780.1894739,2025-05-13 10:06:20,18.50,100.00,100.00,100.00
1747130781.4955378,2025-05-13 10:06:21,16.70,100.00,100.00,100.00
1747130782.8028483,2025-05-13 10:06:22,16.70,100.00,100.00,100.00
1747130784.1087193,2025-05-13 10:06:24,11.50,100.00,100.00,100.00
1747130785.414589,2025-05-13 10:06:25,24.10,100.00,100.00,100.00
1747130786.7215962,2025-05-13 10:06:26,20.40,100.00,100.00,100.00
1747130788.028668,2025-05-13 10:06:28,27.50,100.00,100.00,100.00
1747130789.3349032,2025-05-13 10:06:29,24.00,100.00,100.00,100.00
1747130790.6406364,2025-05-13 10:06:30,20.00,100.00,100.00,100.00
1747130791.9477713,2025-05-13 10:06:31,20.00,100.00,100.00,100.00
1747130793.2537837,2025-05-13 10:06:33,25.50,100.00,100.00,100.00
1747130794.562627,2025-05-13 10:06:34,23.50,100.00,100.00,100.00
1747130795.8698103,2025-05-13 10:06:35,34.60,100.00,100.00,100.00
1747130797.1771293,2025-05-13 10:06:37,95.70,100.00,100.00,100.00
1747130798.503372,2025-05-13 10:06:38,93.90,100.00,100.00,100.00
1747130799.856673,2025-05-13 10:06:39,93.80,100.00,100.00,100.00
1747130801.166157,2025-05-13 10:06:41,93.70,100.00,100.00,100.00
1747130802.4710505,2025-05-13 10:06:42,92.10,100.00,100.00,100.00
1747130803.7792451,2025-05-13 10:06:43,93.30,100.00,100.00,100.00
1747130805.08481,2025-05-13 10:06:45,92.20,100.00,100.00,100.00
1747130806.390923,2025-05-13 10:06:46,90.00,100.00,100.00,100.00
1747130807.6985648,2025-05-13 10:06:47,90.00,100.00,100.00,100.00
1747130809.006034,2025-05-13 10:06:49,94.10,100.00,100.00,100.00
1747130810.3137665,2025-05-13 10:06:50,91.70,100.00,100.00,100.00
1747130811.6191838,2025-05-13 10:06:51,93.80,100.00,100.00,100.00
1747130813.4440453,2025-05-13 10:06:53,92.30,100.00,100.00,100.00
1747130814.7506335,2025-05-13 10:06:54,88.10,100.00,100.00,100.00
1747130816.0614471,2025-05-13 10:06:56,77.40,100.00,100.00,100.00
1747130817.36694,2025-05-13 10:06:57,64.60,100.00,100.00,100.00
1747130818.6760993,2025-05-13 10:06:58,65.30,100.00,100.00,100.00
1747130819.9820466,2025-05-13 10:06:59,64.60,100.00,100.00,100.00
1747130821.2884736,2025-05-13 10:07:01,66.00,100.00,100.00,100.00
1747130822.5940483,2025-05-13 10:07:02,66.70,100.00,100.00,100.00
1747130823.9009678,2025-05-13 10:07:03,68.80,100.00,100.00,100.00
1747130825.206207,2025-05-13 10:07:05,66.70,100.00,100.00,100.00
1747130826.5136175,2025-05-13 10:07:06,98.70,100.00,100.00,100.00
1747130827.8195975,2025-05-13 10:07:07,96.20,100.00,100.00,100.00
1747130829.128278,2025-05-13 10:07:09,94.60,100.00,100.00,100.00
1747130830.432393,2025-05-13 10:07:10,95.90,100.00,100.00,100.00
1747130831.7377644,2025-05-13 10:07:11,96.00,100.00,100.00,100.00
1747130833.0429876,2025-05-13 10:07:13,91.50,100.00,100.00,100.00
1747130834.352626,2025-05-13 10:07:14,95.90,100.00,100.00,100.00
1747130835.6621187,2025-05-13 10:07:15,94.80,100.00,100.00,100.00
1747130836.970599,2025-05-13 10:07:16,100.00,100.00,100.00,100.00
1747130838.283765,2025-05-13 10:07:18,97.40,100.00,100.00,100.00
1747130839.5955224,2025-05-13 10:07:19,100.00,100.00,100.00,100.00
1747130840.9033892,2025-05-13 10:07:20,100.00,100.00,100.00,100.00
1747130842.2162905,2025-05-13 10:07:22,100.00,100.00,100.00,100.00
1747130843.531877,2025-05-13 10:07:23,100.00,100.00,100.00,100.00
1747130844.8387654,2025-05-13 10:07:24,100.00,100.00,100.00,100.00
1747130846.1449575,2025-05-13 10:07:26,98.80,100.00,100.00,100.00
1747130847.4510899,2025-05-13 10:07:27,100.00,100.00,100.00,100.00
1747130848.761465,2025-05-13 10:07:28,98.70,100.00,100.00,100.00
1747130850.0667758,2025-05-13 10:07:30,100.00,100.00,100.00,100.00
1747130851.3718534,2025-05-13 10:07:31,100.00,100.00,100.00,100.00
1747130852.677346,2025-05-13 10:07:32,98.70,100.00,100.00,100.00
1747130853.9831822,2025-05-13 10:07:33,96.10,100.00,100.00,100.00
1747130855.2894557,2025-05-13 10:07:35,98.70,100.00,100.00,100.00
1747130856.5959296,2025-05-13 10:07:36,98.70,100.00,100.00,100.00
1747130857.9010441,2025-05-13 10:07:37,85.50,100.00,100.00,100.00
1747130859.2077007,2025-05-13 10:07:39,58.00,100.00,100.00,100.00
1747130860.5532665,2025-05-13 10:07:40,51.20,100.00,100.00,100.00
1747130861.8822358,2025-05-13 10:07:41,51.10,100.00,100.00,100.00
1747130863.1899717,2025-05-13 10:07:43,46.80,100.00,100.00,100.00
1747130864.4977124,2025-05-13 10:07:44,66.00,100.00,100.00,100.00
1747130866.1473618,2025-05-13 10:07:46,82.50,100.00,100.00,100.00
1747130867.457185,2025-05-13 10:07:47,100.00,100.00,100.00,100.00
1747130868.783122,2025-05-13 10:07:48,98.70,100.00,100.00,100.00
1747130870.1358094,2025-05-13 10:07:50,100.00,100.00,100.00,100.00
1747130871.4424536,2025-05-13 10:07:51,82.30,100.00,100.00,100.00
1747130872.7499037,2025-05-13 10:07:52,75.80,100.00,100.00,100.00
1747130874.0561714,2025-05-13 10:07:54,100.00,100.00,100.00,100.00
1747130875.3623538,2025-05-13 10:07:55,100.00,100.00,100.00,100.00
1747130876.6681275,2025-05-13 10:07:56,100.00,100.00,100.00,100.00
1747130877.9759667,2025-05-13 10:07:57,88.60,98.80,100.00,100.00
1747130879.282076,2025-05-13 10:07:59,98.70,100.00,100.00,100.00
1747130880.588539,2025-05-13 10:08:00,97.30,100.00,100.00,100.00
1747130881.8961964,2025-05-13 10:08:01,97.20,100.00,100.00,100.00
1747130883.2032363,2025-05-13 10:08:03,98.70,100.00,100.00,100.00
1747130884.512683,2025-05-13 10:08:04,95.50,100.00,100.00,100.00
1747130885.818544,2025-05-13 10:08:05,91.70,100.00,100.00,100.00
1747130887.1229708,2025-05-13 10:08:07,21.70,100.00,100.00,100.00
1747130889.1390057,2025-05-13 10:08:09,19.70,100.00,100.00,100.00
1747130890.4640262,2025-05-13 10:08:10,14.50,100.00,100.00,100.00
1747130891.7698576,2025-05-13 10:08:11,24.20,100.00,100.00,100.00
1747130893.0763378,2025-05-13 10:08:13,21.50,100.00,100.00,100.00
1747130894.382108,2025-05-13 10:08:14,18.70,100.00,100.00,100.00
1747130895.688157,2025-05-13 10:08:15,20.00,100.00,100.00,100.00
1747130896.9945498,2025-05-13 10:08:16,100.00,100.00,100.00,100.00
1747130898.3208451,2025-05-13 10:08:18,100.00,100.00,100.00,100.00
1747130899.6738448,2025-05-13 10:08:19,98.80,100.00,100.00,100.00
1747130900.9807875,2025-05-13 10:08:20,93.20,100.00,100.00,100.00
1747130902.2885332,2025-05-13 10:08:22,100.00,100.00,100.00,100.00
1747130903.5982475,2025-05-13 10:08:23,100.00,100.00,100.00,100.00
1747130904.913514,2025-05-13 10:08:24,100.00,100.00,100.00,100.00
1747130906.2175314,2025-05-13 10:08:26,100.00,100.00,100.00,100.00
1747130907.5265093,2025-05-13 10:08:27,100.00,100.00,100.00,100.00
1747130908.8306518,2025-05-13 10:08:28,100.00,100.00,100.00,100.00
1747130910.1348188,2025-05-13 10:08:30,98.70,100.00,100.00,100.00
1747130911.4420571,2025-05-13 10:08:31,100.00,100.00,100.00,100.00
1747130912.7468717,2025-05-13 10:08:32,100.00,100.00,100.00,100.00
1747130914.0518353,2025-05-13 10:08:34,98.70,100.00,100.00,100.00
1747130915.358036,2025-05-13 10:08:35,100.00,100.00,100.00,100.00
1747130916.6728663,2025-05-13 10:08:36,100.00,100.00,100.00,100.00
1747130917.978055,2025-05-13 10:08:37,98.70,100.00,100.00,100.00
1747130919.285715,2025-05-13 10:08:39,100.00,100.00,100.00,100.00
1747130920.5936866,2025-05-13 10:08:40,98.70,100.00,100.00,100.00
1747130921.9062123,2025-05-13 10:08:41,100.00,100.00,100.00,100.00
1747130923.2151153,2025-05-13 10:08:43,100.00,100.00,100.00,100.00
1747130924.5261736,2025-05-13 10:08:44,100.00,100.00,100.00,100.00
1747130925.8370953,2025-05-13 10:08:45,100.00,100.00,100.00,100.00
1747130927.1447442,2025-05-13 10:08:47,100.00,100.00,100.00,100.00
1747130928.4591813,2025-05-13 10:08:48,100.00,100.00,100.00,100.00
1747130929.765875,2025-05-13 10:08:49,98.70,100.00,100.00,100.00
1747130931.0734797,2025-05-13 10:08:51,100.00,100.00,100.00,100.00
1747130932.3798964,2025-05-13 10:08:52,100.00,100.00,100.00,100.00
1747130933.6860614,2025-05-13 10:08:53,100.00,100.00,100.00,100.00
1747130934.9927492,2025-05-13 10:08:54,100.00,100.00,100.00,100.00
1747130936.2997162,2025-05-13 10:08:56,94.90,100.00,100.00,100.00
1747130937.604914,2025-05-13 10:08:57,91.00,100.00,100.00,100.00
1747130938.909673,2025-05-13 10:08:58,97.40,100.00,100.00,100.00
1747130940.2161694,2025-05-13 10:09:00,29.50,100.00,100.00,100.00
1747130941.5531373,2025-05-13 10:09:01,26.70,100.00,100.00,100.00
1747130942.8838053,2025-05-13 10:09:02,28.30,100.00,100.00,100.00
1747130944.1915252,2025-05-13 10:09:04,28.30,100.00,100.00,100.00
1747130945.5000305,2025-05-13 10:09:05,27.60,100.00,100.00,100.00
1747130946.8055997,2025-05-13 10:09:06,100.00,100.00,100.00,100.00
1747130948.1299849,2025-05-13 10:09:08,98.70,100.00,100.00,100.00
1747130949.4903395,2025-05-13 10:09:09,94.70,100.00,100.00,100.00
1747130950.7964225,2025-05-13 10:09:10,72.60,100.00,100.00,100.00
1747130952.1052155,2025-05-13 10:09:12,98.70,100.00,100.00,100.00
1747130953.4104903,2025-05-13 10:09:13,100.00,100.00,100.00,100.00
1747130954.718798,2025-05-13 10:09:14,97.40,100.00,100.00,100.00
1747130956.0237987,2025-05-13 10:09:16,96.10,100.00,100.00,100.00
1747130957.3289142,2025-05-13 10:09:17,93.00,100.00,100.00,100.00
1747130958.6361861,2025-05-13 10:09:18,94.70,100.00,100.00,100.00
1747130959.941649,2025-05-13 10:09:19,97.40,100.00,100.00,100.00
1747130961.2466924,2025-05-13 10:09:21,98.70,100.00,100.00,100.00
1747130962.5546074,2025-05-13 10:09:22,94.60,100.00,100.00,100.00
1747130963.8618631,2025-05-13 10:09:23,100.00,100.00,100.00,100.00
1747130965.1673124,2025-05-13 10:09:25,89.90,100.00,100.00,100.00
1747130966.4761858,2025-05-13 10:09:26,33.80,66.20,100.00,100.00
1747130969.5925515,2025-05-13 10:09:29,18.50,100.00,100.00,100.00
1747130970.9122844,2025-05-13 10:09:30,19.80,100.00,100.00,100.00
1747130972.2154176,2025-05-13 10:09:32,19.00,100.00,100.00,100.00
1747130973.518627,2025-05-13 10:09:33,20.30,100.00,100.00,100.00
1747130974.8219144,2025-05-13 10:09:34,19.20,100.00,100.00,100.00
1747130976.1257372,2025-05-13 10:09:36,53.80,100.00,100.00,100.00
1747130977.4310756,2025-05-13 10:09:37,98.70,100.00,100.00,100.00
1747130978.7547877,2025-05-13 10:09:38,98.60,100.00,100.00,100.00
1747130980.0991507,2025-05-13 10:09:40,55.60,49.10,100.00,100.00
1747130981.4357424,2025-05-13 10:09:41,97.20,100.00,100.00,100.00
1747130982.795612,2025-05-13 10:09:42,54.40,51.80,100.00,100.00
1747130984.1336186,2025-05-13 10:09:44,98.60,100.00,100.00,100.00
1747130985.4724956,2025-05-13 10:09:45,54.40,51.80,100.00,100.00
1747130986.8094766,2025-05-13 10:09:46,100.00,100.00,100.00,100.00
1747130988.153715,2025-05-13 10:09:48,97.30,91.40,100.00,100.00
1747130989.4570112,2025-05-13 10:09:49,91.70,89.70,100.00,100.00
1747130990.7609968,2025-05-13 10:09:50,91.50,87.90,100.00,100.00
1747130992.0645747,2025-05-13 10:09:52,90.00,88.10,100.00,100.00
1747130993.3702397,2025-05-13 10:09:53,91.20,89.90,100.00,100.00
1747130994.6735322,2025-05-13 10:09:54,91.40,88.20,100.00,100.00
1747130995.9805167,2025-05-13 10:09:55,76.10,73.90,100.00,100.00
1747130997.2837796,2025-05-13 10:09:57,26.50,21.90,100.00,100.00
1747130998.61187,2025-05-13 10:09:58,35.20,100.00,100.00,100.00
1747130999.934867,2025-05-13 10:09:59,37.50,100.00,100.00,100.00
1747131001.2392564,2025-05-13 10:10:01,39.30,100.00,100.00,100.00
1747131002.5429273,2025-05-13 10:10:02,37.00,100.00,100.00,100.00
1747131003.8489008,2025-05-13 10:10:03,35.20,100.00,100.00,100.00
1747131005.1526783,2025-05-13 10:10:05,40.40,100.00,100.00,100.00
1747131006.4567163,2025-05-13 10:10:06,27.40,100.00,100.00,100.00
1747131007.7597857,2025-05-13 10:10:07,26.60,95.10,93.70,97.50