Random waveform, random seed
Total number of intervals = 100 (104483, 28830, 111453, 92782, 72484, 16876, 112965, 124268, 48117, 152687, 94570, 30673, 111886, 19885, 99234, 13053, 80316, 40997, 30049, 118929, 87028, 140630, 117024, 92201, 106040, 122471, 126913, 46668, 126693, 25292, 154910, 176747, 32758, 154115, 125982, 148312, 75394, 87093, 9004, 105062, 142035, 103733, 19796, 5816, 79493, 37812, 45198, 99916, 96854, 82457, 144570, 171755, 140940, 68628, 133435, 103337, 25987, 111695, 143681, 111499, 170978, 37161, 123628, 134876, 11003, 105043, 160608, 50671, 35634, 21422, 42268, 27721, 20960, 142376, 58342, 153313, 121167, 85966, 144397, 74449, 139172, 97915, 68889, 137371, 105239, 131504, 37797, 145388, 105795, 28891, 91301, 37286, 122798, 9718, 32070, 142668, 60383, 158129, 29688, 11505)
Average QPS expected = 88490
Timestamp start: 1747130325473
Timestamp end: 1747131325809

#type       avg     std     min      p5     p10     p50     p67     p75     p80     p85     p90     p95     p99    p999   p9999      QPS   target
read      278.1   229.7    68.9   113.1   125.8   219.9   291.6   342.3   378.1   417.9   468.3   563.2  1069.0  2766.8  5265.3 104365.2   104483
read      235.3   171.5    74.4   111.7   124.3   220.3   257.7   277.5   291.8   308.8   330.4   365.9   579.1  2597.4  4945.9  28783.8    28830
read      443.7   548.4    74.4   127.4   145.2   249.5   335.6   445.7   555.7   733.8  1041.1  1449.9  2615.1  5979.5 10881.9 111363.7   111453
read      269.9   348.4    74.4   108.6   119.3   210.2   279.2   327.0   361.0   396.9   438.9   507.1  1069.6  4777.3 13199.0  92910.1    92782
read      266.2   362.9    68.9   105.2   115.2   214.6   279.1   318.0   345.4   375.1   410.9   467.2  1042.1  6740.5 10144.1  72459.4    72484
read      222.0   121.9    74.4   116.8   132.6   210.5   241.5   258.6   270.6   284.9   302.9   333.3   444.5  1807.7  3245.1  16899.9    16876
read      397.3   518.7    74.4   124.2   140.7   245.9   315.4   382.2   453.5   561.5   781.5  1338.5  2396.5  6850.5 10844.2 112728.7   112965
read      463.7   681.5    74.4   137.3   158.4   264.7   312.1   346.8   384.6   466.5  1236.3  1576.2  3407.5  7384.3 12970.5 124252.7   124268
read      271.1   367.6    68.9   107.8   118.8   228.5   286.7   319.0   341.7   367.3   398.7   451.9   956.5  6659.0 11316.7  48255.5    48117
read      387.9   485.8    74.4   150.0   173.0   294.7   346.9   378.5   402.3   434.0   484.6   746.5  3203.2  5421.4  8138.3 152754.0   152687
read      297.2   410.1    74.4   112.2   124.4   218.1   284.4   331.1   369.2   414.2   470.6   574.0  1874.0  6212.0 11573.9  94570.0    94570
read      271.6   354.6    74.4   111.1   123.8   224.9   269.8   294.0   310.9   330.7   357.9   409.5  1592.3  5498.5  7995.4  30748.2    30673
read      410.7   448.1    74.4   128.6   145.9   257.4   337.6   417.6   503.8   643.0   921.0  1375.8  1865.5  3863.4  9089.0 111734.8   111886
read      231.4   164.1    74.4   115.7   131.1   216.0   248.7   266.7   279.4   294.5   314.4   346.5   613.9  2193.6  7001.7  19830.1    19885
read      294.5   371.6    68.9   111.9   124.1   216.7   291.7   351.1   394.4   440.8   498.7   597.6  1346.4  5268.5 11629.7  99219.5    99234
read      217.2   205.9    68.9   121.3   138.5   201.5   226.0   239.4   249.7   262.1   277.5   305.7   473.9  2382.4  8372.7  13054.4    13053
read      281.4   394.3    68.9   108.1   118.6   215.8   289.8   337.4   370.7   406.1   451.2   524.2  1312.5  7008.1 12762.8  80114.5    80316
read      261.4   310.1    74.4   109.2   120.6   228.4   281.5   310.4   330.3   352.6   380.3   424.9   756.3  6025.4  8893.6  41033.0    40997
read      254.7   280.1    74.4   111.3   124.3   225.6   270.2   293.4   309.7   328.3   352.0   392.3   868.6  4509.2  7843.2  30105.6    30049
read      476.8   660.9    74.4   136.8   157.7   267.6   319.2   360.2   403.8   579.0  1319.2  1611.7  3318.5  7423.8  9579.6 118856.4   118929
read      281.8   383.9    74.4   109.0   119.8   213.3   287.9   338.3   374.5   413.8   461.6   536.4  1227.2  6241.0 12482.0  86927.4    87028
read      431.9   580.9    74.4   145.3   168.5   288.1   340.4   373.9   402.6   446.8   560.7  1472.0  3356.2  6845.5 10042.1 140660.5   140630
read      414.1   605.9    68.9   126.5   144.4   256.4   309.6   341.1   368.0   408.2   611.0  1510.4  3297.4  7350.3 10228.2 117053.9   117024
read      296.2   414.0    68.9   110.8   122.4   216.9   289.2   340.8   379.8   422.9   476.6   577.2  1527.3  5592.8 14086.2  92205.4    92201
read      297.4   372.3    74.4   113.6   126.5   218.5   292.7   355.1   400.4   448.4   506.2   609.4  1401.7  4884.7 14315.5 106004.9   106040
read      488.6   608.1    74.4   144.0   166.2   269.0   320.2   371.7   480.7  1076.3  1366.7  1556.0  2766.1  7174.9  9696.9 122608.9   122471
read      475.5   676.7    74.4   142.5   164.3   270.1   314.9   348.5   387.4   496.8  1300.3  1580.2  3405.0  7420.2 10694.3 127199.9   126913
read      263.3   345.9    74.4   107.1   118.0   223.3   275.7   305.4   325.6   348.3   376.8   424.5  1020.3  6230.1  8714.5  46657.5    46668
read      430.1   587.1    68.9   131.3   151.0   263.7   311.4   344.1   376.2   441.7  1195.5  1501.2  3177.9  7171.1  9767.9 126648.5   126693
read      235.4   220.4    74.4   111.1   124.4   215.3   251.1   270.0   283.4   298.1   318.0   352.3   702.5  3307.6  7748.2  25346.8    25292
read      425.3   570.8    74.4   158.4   183.7   295.0   342.1   371.8   396.6   430.6   500.2  1400.1  3393.2  7060.2  9524.3 154986.1   154910
read      394.2   531.6    74.4   159.6   186.0   299.9   346.1   374.3   396.9   426.1   469.4   592.2  3392.7  6206.2  9289.6 176816.9   176747
read      251.7   284.4    74.4   109.6   121.2   211.2   256.5   281.6   299.2   320.0   348.8   409.0  1213.7  3666.9  7990.6  32697.7    32758
read      481.7   692.0    74.4   159.6   185.6   293.2   339.5   371.5   400.8   451.1   767.3  1609.2  3463.5  7213.2  9657.6 153908.1   154115
read      447.4   713.2    74.4   147.1   170.6   275.2   317.0   344.9   370.4   408.2   493.3  1628.6  3460.1  7678.9 12003.8 125992.2   125982
read      462.0   650.8    68.9   157.5   182.5   292.8   341.4   375.6   407.2   459.8   619.4  1563.8  3443.7  7209.9  9319.0 148383.3   148312
read      287.6   368.0    68.9   109.8   121.3   216.6   280.8   326.4   361.7   401.8   457.7   591.0  1385.0  5408.6 11418.1  75413.2    75394
read      275.1   382.1    68.9   107.4   118.0   211.4   282.9   330.3   363.8   399.5   442.3   509.8  1289.4  6240.5 13869.7  87071.9    87093
read      278.8  3956.4    80.4   128.3   142.7   190.7   209.6   220.2   228.7   238.0   252.3   275.3   388.8  2265.4 214901.0   9028.7     9004
read      335.6   419.6    68.9   119.9   134.5   234.9   316.0   390.8   446.6   508.7   593.6   774.8  1504.6  5430.8 14553.6 104995.5   105062
read      532.4   803.1    74.4   160.9   185.4   298.9   343.7   375.6   407.6   474.7  1304.4  2462.6  3472.5  7819.4 12542.1 142062.7   142035
read      367.8   454.0    74.4   131.7   149.8   255.2   314.2   362.6   411.0   488.1   623.2  1027.2  2282.6  6217.2 10817.9 103877.8   103733
read      228.1   180.7    74.4   115.3   130.5   213.4   243.3   259.7   271.4   285.7   304.0   335.7   533.4  2628.7  7110.7  19811.4    19796
read      192.3    95.3    80.4   134.2   144.7   183.0   199.0   208.6   215.4   224.4   235.4   256.7   351.5  1251.5  3694.6   5810.1     5816
read      288.2   411.1    68.9   109.3   120.0   221.7   293.6   339.2   371.7   406.3   450.8   525.1  1421.8  7124.0 12153.1  79553.1    79493
read      256.5   296.1    74.4   109.8   121.6   227.4   275.6   301.3   318.4   338.7   364.0   402.3   705.2  5279.5  8314.1  37790.2    37812
read      266.3   351.1    74.4   109.3   120.6   229.6   282.7   312.2   332.2   354.5   382.0   425.3   803.8  6699.7  9131.4  45231.6    45198
read      322.3   406.2    74.4   117.1   131.0   230.8   308.7   373.4   420.4   471.6   539.2   673.6  1550.2  6419.1 10283.0  99829.6    99916
read      326.0   450.2    74.4   116.0   129.8   231.5   309.0   368.9   412.8   461.9   527.6   668.9  1678.7  7146.7 13420.2  96808.7    96854
read      269.9   355.3    68.9   108.7   119.3   216.5   285.4   328.2   359.2   392.5   431.5   493.2   892.4  5340.6 11954.0  82356.8    82457
read      410.9   579.4    74.4   145.3   168.6   278.6   320.1   346.3   368.9   400.5   469.3  1415.3  3356.8  6760.2  9442.3 144568.3   144570
read      410.0   546.9    74.4   168.5   196.0   307.6   349.2   375.2   397.3   427.0   474.0   615.7  3394.1  5879.4  8535.6 171595.5   171755
read      403.3   572.2    74.4   159.7   182.9   289.7   332.2   359.1   380.8   411.8   465.5   697.5  3385.5  7087.7  9588.6 140857.9   140940
read      297.0   429.8    68.9   110.1   121.6   229.0   298.9   343.2   375.1   409.9   455.5   539.6  1493.0  7312.3 12401.6  68572.5    68628
read      462.4   603.3    74.4   147.0   169.7   289.2   336.7   369.0   400.0   466.6  1263.1  1561.9  3297.1  7038.4  9853.5 133397.5   133435
read      380.1   517.9    74.4   124.9   141.0   247.1   314.7   372.8   433.0   515.0   642.0  1203.6  2536.0  6645.3 13157.3 103364.2   103337
read      252.5   262.4    74.4   113.4   127.3   225.2   264.0   284.7   298.9   316.4   339.8   381.4  1072.8  3770.5  7994.2  25986.0    25987
read      521.2   755.8    74.4   141.6   162.1   272.5   325.9   369.8   431.8   802.6  1354.7  2207.1  3344.7  7847.4 13138.2 111696.6   111695
read      484.1   718.3    74.4   164.5   189.0   310.0   357.0   387.9   414.7   457.5   555.0  1724.6  3459.7  7683.9 12862.3 143845.0   143681
read      511.3   646.6    74.4   153.3   175.6   288.6   345.7   398.8   482.0   900.6  1374.5  1666.1  3216.3  7441.3  9835.7 111448.7   111499
read      427.5   544.8    74.4   166.0   192.6   313.6   361.3   392.1   418.2   456.0   524.1  1075.3  3337.5  6537.6  8247.0 170923.7   170978
read      272.7   362.7    68.9   111.7   124.3   218.5   266.5   294.5   315.2   339.9   372.2   441.8  1454.5  5544.8  8103.9  37176.6    37161
read      474.0   643.4    74.4   142.7   164.4   281.9   331.6   367.1   402.3   506.8  1306.3  1593.0  3328.9  7334.6  9964.5 123816.0   123628
read      442.0   602.6    74.4   146.4   168.3   288.3   337.0   367.7   394.4   435.6   633.7  1535.7  3326.0  7208.4  9204.0 134645.8   134876
read      207.8   177.9    74.4   125.4   141.9   195.5   215.8   227.5   235.1   246.4   260.4   284.4   372.2  2783.4  7634.8  11039.0    11003
read      295.7   310.3    74.4   114.0   127.1   215.2   274.5   318.2   361.4   433.1   542.1   722.6  1381.2  3477.2  7921.8 105008.2   105043
read      264.9   259.8    68.9   129.4   145.0   230.5   274.1   299.7   318.7   342.2   373.3   426.8   672.4  3472.7  7892.5 160599.4   160608
read      243.8   124.3    68.9   109.1   119.6   227.1   279.4   309.3   330.6   355.0   385.1   428.0   532.2  1332.9  2903.6  50677.1    50671
read      226.0   100.6    74.4   110.5   122.5   221.5   259.4   278.8   292.5   308.4   328.0   358.8   423.6   903.7  2782.3  35646.5    35634
read      215.0    96.7    74.4   117.4   132.7   213.5   239.2   253.0   263.4   274.2   290.0   313.2   362.8   495.1  4916.9  21558.3    21422
read      225.9   100.8    74.4   109.7   121.4   220.7   262.2   283.0   297.0   313.7   334.0   363.9   425.4   546.8  3140.9  42288.2    42268
read      220.4    99.4    74.4   114.4   128.7   219.0   249.2   265.2   275.7   289.5   306.4   332.5   388.2   529.6  5168.7  27613.1    27721
read      213.2    75.8    74.4   118.3   135.1   212.0   237.0   250.9   260.8   271.8   286.9   309.5   357.4   429.9  2427.0  20920.8    20960
read      519.7   588.7    74.4   157.1   180.8   269.9   319.9   404.1   783.2  1274.2  1424.5  1598.7  2707.4  4284.0  8063.6 142248.5   142376
read      265.7   257.2    68.9   109.3   121.4   218.6   269.0   299.0   320.9   347.4   387.3   498.8  1350.1  2873.5  7813.4  58380.1    58342
read      524.7   594.9    74.4   156.0   180.8   271.6   320.4   399.9   806.4  1292.0  1437.5  1613.5  2728.7  4347.1  8055.3 153283.4   153313
read      528.9   652.0    68.9   154.9   178.5   266.8   314.4   374.4   628.1  1273.7  1468.4  1705.2  3200.4  5871.7  8122.7 121300.9   121167
read      379.8   442.0    74.4   124.3   142.4   237.0   297.8   358.5   423.0   542.0   812.1  1305.9  2047.9  3741.1  8048.8  85951.0    85966
read      532.7   602.7    74.4   157.8   182.4   274.8   327.4   414.3   844.1  1306.6  1449.3  1626.2  2745.8  4561.9  8027.3 144275.7   144397
read      317.5   338.0    68.9   113.7   128.8   231.0   287.0   326.9   360.9   405.1   498.8   927.8  1650.7  3339.3  7821.0  74462.1    74449
read      541.0   617.8    74.4   157.3   182.1   278.9   333.4   421.3   854.5  1318.7  1465.1  1654.4  2861.1  4773.2  8076.8 139153.3   139172
read      434.7   500.3    74.4   134.9   155.0   255.3   316.2   387.4   482.0   696.3  1156.4  1481.6  2361.2  4014.3  8010.5  97823.2    97915
read      236.6   122.2    74.4   107.5   118.3   220.0   275.5   306.1   327.0   350.2   378.2   418.8   498.7   646.1  3745.0  68895.3    68889
read      545.1   619.4    74.4   160.0   185.4   280.1   335.6   429.2   884.6  1320.4  1466.7  1652.6  2912.4  4612.2  8073.6 137320.5   137371
read      522.6   613.5    74.4   154.6   176.2   269.3   329.1   427.8   735.2  1194.0  1428.7  1670.5  2860.5  4963.0  8097.2 105293.8   105239
read      522.3   629.9    74.4   153.4   176.5   271.6   322.7   392.3   612.0  1228.9  1453.1  1679.0  3084.6  5358.7  8087.6 131319.8   131504
read      237.6   167.8    68.9   111.7   124.2   219.3   261.3   283.6   299.2   317.7   342.4   387.8   691.4  1896.5  7554.4  37855.6    37797
read      529.5   601.5    74.4   159.3   184.2   273.1   324.4   413.5   814.1  1292.2  1441.0  1622.5  2788.8  4478.7  8058.9 145401.5   145388
read      484.4   573.1    74.4   149.1   168.9   255.2   307.5   378.4   602.2  1027.8  1356.8  1599.0  2678.3  4367.1  8076.0 105865.4   105795
read      222.3    98.3    74.4   114.9   128.1   219.9   252.9   269.9   281.9   295.2   313.2   339.3   395.6   523.6  4169.3  28900.9    28891
read      238.8   116.2    68.9   108.6   119.5   212.7   274.1   311.2   336.8   365.1   397.2   442.1   536.7   699.0  1612.9  91334.3    91301
read      224.3    87.2    74.4   111.2   123.2   221.2   260.0   279.3   292.6   308.0   326.4   354.9   412.0   515.1  1710.6  37275.8    37286
read      402.3   382.9    68.9   136.2   153.7   247.6   322.3   446.4   566.5   715.7   923.5  1269.8  1686.0  2884.0  7398.1 122865.4   122798
read      192.8    64.3    80.4   128.4   142.6   188.0   205.8   216.1   224.0   232.8   246.0   267.1   314.8   453.7  3173.7   9732.4     9718
read      222.3    85.4    74.4   112.9   125.3   220.5   254.9   272.4   284.9   298.2   316.3   343.0   399.3   519.0  2197.0  32100.3    32070
read      521.3   592.6    74.4   157.9   181.7   269.8   319.6   401.5   779.0  1276.6  1431.0  1610.2  2747.3  4346.1  8025.0 142519.0   142668
read      269.0   254.2    68.9   111.0   123.6   220.6   272.7   304.9   328.1   356.3   395.5   502.1  1353.2  2711.1  7853.4  60390.3    60383
read      516.6   590.0    80.4   156.2   179.6   268.1   317.3   393.5   738.2  1265.6  1427.3  1609.1  2734.4  4481.9  8042.5 158076.1   158129
read      262.9   332.8    74.4   114.7   128.1   213.4   250.1   270.8   286.6   306.5   338.5   480.6  1417.2  5128.5  8119.3  29702.8    29688
read      197.1    55.9    80.4   126.2   142.3   193.9   212.8   223.4   231.0   240.3   252.8   273.0   317.9   421.2  1997.6  11558.8    11505

Total QPS = 88483.1 (88483096 / 1000.0s)

Total connections = 64
Misses = 0 (0.0%)
Skipped TXs = 0 (0.0%)

RX 21855325453 bytes :   20.8 MB/s
TX          0 bytes :    0.0 MB/s
Warning! Detected max cpu usage > 95%
CPU Usage Stats (avg/min/max): 99.83%,17.00%,100.00%
