Random waveform, random seed
Total number of intervals = 18 (153998, 87781, 18919, 137273, 40804, 109275, 66238, 43210, 109035, 63382, 170623, 19315, 151555, 149631, 8049, 150436, 58249, 172126)
Average QPS expected = 94994
Timestamp start: 1746968065829
Timestamp end:   1746968246063

#type       avg     std     min      p5     p10     p50     p67     p75     p80     p85     p90     p95     p99    p999   p9999      QPS   target
read      195.0   200.9    59.1   100.4   110.1   170.2   209.6   235.4   256.0   280.0   309.7   351.7   455.4   824.2  2615.0 153843.7   153998
read      197.5   104.0    59.1    95.0   103.3   173.3   229.1   256.5   273.0   291.3   313.7   348.3   451.6   882.9  2694.7  87642.8    87781
read      187.5    92.9    63.8   103.1   114.5   181.3   204.3   216.8   226.4   236.8   253.3   282.6   373.3  1170.1  2704.7  18911.4    18919
read      259.7   334.0    63.8   103.1   114.2   190.7   234.1   261.5   282.8   311.1   358.2   544.4  1642.3  3463.6  7614.4 137065.2   137273
read      201.9    98.4    63.8    98.6   108.6   194.4   227.6   244.5   256.6   271.5   292.5   328.7   454.9  1233.8  2320.0  40771.0    40804
read      209.7   115.7    63.8    98.2   107.7   178.1   229.3   261.2   284.2   311.7   348.3   415.6   567.9   869.8  2512.4 108903.7   109275
read      212.8   102.3    59.1    96.8   106.0   194.1   245.7   271.7   290.4   312.9   343.0   394.8   502.8   693.6  1615.2  66151.8    66238
read      216.5   119.3    59.1    98.7   109.3   204.6   243.3   264.3   279.6   298.8   327.0   373.5   504.1  1388.9  3092.3  43267.1    43210
read      206.3   130.9    54.7    96.9   106.4   177.6   226.8   256.5   276.9   300.4   330.4   382.5   546.9  1508.3  3655.8 109176.3   109035
read      200.5    88.5    59.1    96.7   106.5   191.9   235.8   255.3   268.5   283.5   301.8   331.3   404.5   601.7  2302.2  63464.6    63382
read      232.6   125.7    63.8   115.0   129.3   208.4   249.3   274.3   294.1   318.1   352.0   411.6   646.5  1452.8  2698.7 170753.8   170623
read      208.2   119.2    63.8   103.3   116.4   195.1   226.2   244.0   257.6   274.4   298.3   341.8   490.9  1253.4  4481.1  19285.4    19315
read      223.6   158.1    63.8   106.4   118.1   189.2   229.9   256.0   276.7   303.7   341.9   422.5   825.1  1830.8  3308.7 151240.3   151555
read      259.6   282.2    63.8   105.4   117.1   193.6   233.2   258.1   277.9   305.1   346.3   638.8  1506.5  2694.6  4877.8 149565.6   149631
read      172.3    76.6    68.9   105.6   116.2   165.6   184.3   195.7   203.9   215.3   229.7   252.9   326.7   673.8  2982.8   8045.0     8049
read      536.2   595.6    68.9   147.2   170.1   276.4   343.2   502.4   904.0  1285.9  1434.5  1613.8  2728.1  4707.6  7940.6 150411.9   150436
read      348.9   589.5    63.8   104.4   119.1   226.1   286.0   329.4   366.7   424.0   562.7  1202.7  2236.9  7311.7 28147.3  58109.5    58249
read      535.7   589.9    68.9   146.0   168.9   277.9   342.4   487.8   925.9  1302.6  1443.1  1609.4  2632.5  4373.6  7953.9 121650.5   172126

Total QPS = 92125.5 (16582596 / 180.0s)

Total connections = 64
Misses = 0 (0.0%)
Skipped TXs = 0 (0.0%)

RX 4095901212 bytes :   21.7 MB/s
TX          0 bytes :    0.0 MB/s
Warning! Detected max cpu usage > 95%
CPU Usage Stats (avg/min/max): 99.62%,51.01%,100.00%
