Random waveform, random seed
Total number of intervals = 60 (175410, 139081, 151458, 93991, 91546, 133686, 129762, 157592, 99076, 152597, 154691, 168558, 138996, 124972, 158442, 35197, 17946, 71764, 152583, 90358, 114707, 9350, 142472, 98001, 107807, 67408, 96751, 101508, 83233, 61588, 118709, 76412, 56995, 99671, 172256, 156809, 65780, 48046, 24293, 162175, 124700, 136535, 53400, 42586, 136616, 27121, 89832, 28561, 136266, 90945, 176427, 84293, 26570, 109183, 91282, 61610, 126993, 163241, 25259, 121128)
Average QPS expected = 102570
Timestamp start: 1747065235752
Timestamp end: 1747065836089

#type       avg     std     min      p5     p10     p50     p67     p75     p80     p85     p90     p95     p99    p999   p9999      QPS   target
read      208.3    90.5    68.9   113.4   125.8   192.2   226.2   246.8   262.9   282.5   309.1   351.8   455.0   770.2  2295.8 175358.1   175410
read      193.5    93.0    68.9   102.3   111.9   173.6   211.4   235.1   253.6   274.8   301.7   341.1   425.6   714.5  2012.8 138928.9   139081
read      195.9   103.6    68.9   103.4   113.4   175.6   211.5   233.7   251.3   272.1   298.8   340.5   435.9  1334.9  2847.6 151498.9   151458
read      194.8    87.7    68.9    97.9   106.5   173.9   221.5   248.2   266.3   286.1   309.9   344.9   426.3   612.5  1524.7  94006.4    93991
read      195.3    88.7    63.8    98.0   106.7   174.8   222.7   248.8   266.4   285.9   309.2   343.5   426.3   650.2  1848.5  91654.7    91546
read      195.2   101.8    63.8   100.7   110.2   172.7   211.5   235.6   254.4   276.2   304.7   346.2   453.3  1184.8  2707.9 133696.4   133686
read      195.5   108.4    68.9   100.3   109.7   172.3   211.9   236.6   255.7   277.6   305.1   346.0   460.7  1167.3  2905.1 129985.0   129762
read      200.4   114.2    68.9   105.4   115.9   179.5   215.1   236.6   253.9   274.2   301.5   344.1   455.7  1581.1  3251.0 157644.0   157592
read      195.6    96.2    63.8    99.1   108.2   174.6   221.6   247.9   265.3   283.9   306.5   340.9   425.8   725.1  2992.2  99023.8    99076
read      197.8    90.3    68.9   105.9   116.4   180.0   215.7   237.6   255.0   275.4   302.4   343.3   430.3   716.5  1888.6 152491.7   152597
read      199.7    85.4    68.9   107.3   118.0   182.2   217.7   239.6   256.8   277.3   304.3   344.6   432.7   742.3  1847.4 154826.6   154691
read      204.9    86.6    63.8   111.9   123.7   189.3   223.4   244.1   260.1   279.5   305.5   345.2   434.0   727.2  1784.5 168611.0   168558
read      194.8    91.6    63.8   102.7   112.5   175.3   213.1   236.7   255.6   277.2   304.1   343.3   428.8   682.6  2013.1 138984.8   138996
read      196.6    92.5    68.9   101.7   111.3   175.5   216.5   242.4   261.8   283.6   310.4   349.7   434.5   698.7  2130.9 125179.5   124972
read      202.5    88.1    68.9   109.4   120.1   185.4   221.0   242.8   259.7   279.8   306.3   346.6   435.0   698.4  2426.3 158402.6   158442
read      202.0    78.7    68.9   104.3   114.6   201.8   232.0   247.0   257.1   269.3   285.0   309.1   364.1   579.4  2357.5  35241.3    35197
read      189.4    69.0    74.4   111.4   125.3   187.9   208.0   218.4   226.7   235.1   248.2   267.9   314.2   732.2  2049.0  17925.1    17946
read      205.1    91.7    63.8   100.8   110.1   189.0   238.1   263.0   279.3   297.4   319.5   354.6   432.3   603.7  1239.9  71675.2    71764
read      212.7   129.3    63.8   109.7   121.2   191.4   229.0   252.0   269.5   290.7   317.9   363.3   475.2  1742.8  3415.4 152467.0   152583
read      204.3   102.4    68.9   100.6   110.0   182.3   230.9   258.5   277.2   298.3   324.0   364.6   459.2   808.1  2465.4  90340.8    90358
read      204.1   106.5    63.8   102.0   111.7   180.9   223.8   250.3   270.0   292.9   320.8   365.9   469.0  1194.4  2696.6 114602.6   114707
read      175.2    73.4    74.4   120.5   132.2   170.8   185.2   193.8   199.7   207.7   217.4   233.9   275.0   780.9  3155.6   9319.7     9350
read      211.4   146.1    68.9   106.6   117.6   187.1   226.4   250.4   268.6   290.5   318.3   364.7   486.6  2293.3  4102.2 142308.8   142472
read      202.1    97.3    68.9    99.6   109.0   179.2   226.2   254.0   273.4   295.5   322.1   365.1   465.5   821.9  1925.6  97897.2    98001
read      203.9   107.3    68.9   100.7   110.3   180.0   224.7   251.8   271.5   294.6   323.2   367.9   482.5  1123.4  2670.8 107906.2   107807
read      203.5   100.3    63.8    99.9   109.3   189.4   237.1   259.4   273.7   290.7   311.7   343.3   424.6   757.5  3220.1  67308.6    67408
read      198.8   100.1    63.8    98.8   107.9   176.2   224.7   252.0   270.2   290.3   314.4   351.4   448.7   827.3  2787.3  96785.4    96751
read      200.3   112.8    63.8    99.1   108.3   175.4   221.8   249.4   268.5   290.4   317.1   360.4   492.3  1014.3  3204.6 101671.8   101508
read      202.9   110.5    63.8    99.5   108.9   183.3   234.0   258.9   274.5   292.3   314.0   347.2   444.9   913.4  3470.6  83324.0    83233
read      203.1    98.1    63.8    99.6   108.7   192.5   237.6   258.3   271.5   287.2   306.6   337.0   418.4   805.5  3060.0  61630.4    61588
read      198.5   109.9    63.8   100.1   109.6   174.7   217.3   243.8   263.3   285.6   313.3   355.9   463.0  1076.8  3094.5 118872.0   118709
read      202.6   106.3    63.8    99.2   108.1   183.6   233.6   258.4   274.2   292.5   314.7   348.2   439.9   999.3  2975.3  76303.9    76412
read      200.9    83.2    63.8    99.8   108.9   193.5   236.6   256.2   269.1   283.8   301.6   330.2   398.9   547.8  1836.5  57077.8    56995
read      198.6   102.4    63.8    99.2   108.3   175.9   223.2   250.8   269.5   290.4   315.6   354.2   442.8   747.7  2840.3  99693.9    99671
read      216.3   143.5    68.9   113.7   126.8   196.8   232.0   253.4   269.8   289.9   316.6   362.1   479.4  1727.5  5883.9 172240.2   172256
read      207.2   144.4    63.8   107.9   118.8   185.1   221.7   244.1   261.2   281.6   308.8   351.9   465.6  2001.0  5335.3 156833.8   156809
read      205.6   148.0    68.9   100.7   109.9   191.3   237.9   259.5   273.1   289.0   308.5   338.7   418.8  1251.1  7376.9  65565.7    65780
read      202.2    84.5    68.9   102.2   111.8   200.0   235.9   252.6   264.0   275.7   292.6   317.4   380.4   627.9  2627.4  47987.0    48046
read      193.2    62.7    68.9   108.3   120.2   194.2   216.0   227.2   234.4   244.6   256.2   275.4   321.1   582.4  1691.1  24278.5    24293
read      211.1   147.0    68.9   110.7   122.2   190.2   226.4   248.3   265.1   285.5   312.6   356.9   468.4  2061.4  5855.2 162032.5   162175
read      203.9   131.7    63.8   102.5   112.2   178.3   219.8   245.8   264.9   287.3   315.7   360.9   497.7  1638.5  3772.6 124847.9   124700
read      200.8   125.4    63.8   103.1   113.0   177.5   216.5   240.9   259.5   281.0   308.8   350.5   464.6  1567.6  4477.7 136432.4   136535
read      203.2    92.6    63.8   101.8   111.2   198.1   237.9   256.1   268.2   281.8   298.0   324.0   393.5   663.4  2911.1  53312.9    53400
read      201.3    84.3    68.9   103.0   112.8   201.1   233.0   248.3   258.8   270.5   286.0   310.2   371.1   693.0  2629.0  42769.5    42586
read      202.5   135.9    68.9   103.0   113.0   177.9   217.3   241.9   260.7   282.5   310.4   353.0   469.6  1761.5  3858.9 136820.5   136616
read      194.5    80.4    68.9   107.2   118.4   195.3   218.4   230.0   237.8   248.2   261.1   281.2   334.2   700.9  2583.3  27231.4    27121
read      202.9   113.9    68.9   100.3   109.7   181.1   230.6   257.8   275.1   295.0   319.0   357.1   452.6   747.8  2955.0  89792.8    89832
read      197.4    66.1    68.9   106.9   118.1   198.6   223.4   235.1   244.5   254.2   268.5   290.0   341.0   606.8  1577.4  28640.8    28561
read      204.8   132.0    68.9   104.6   115.1   181.6   220.5   244.9   263.4   285.1   313.0   357.0   471.0  1614.7  4742.7 136272.5   136266
read      204.5   106.8    68.9   101.3   110.5   182.2   231.4   258.7   276.5   296.8   321.4   361.2   460.2   916.1  3245.4  90827.4    90945
read      231.1   141.4    68.9   121.8   136.6   212.2   248.3   269.9   286.7   307.4   336.0   384.4   516.1  1771.6  5041.9 176738.3   176427
read      206.2   123.4    63.8   101.3   110.5   184.8   234.8   261.4   278.3   297.1   320.5   359.1   456.9   946.1  5545.5  84292.1    84293
read      200.3    83.7    74.4   108.8   120.8   199.6   223.8   235.4   245.0   254.7   269.7   292.7   352.1   788.1  3107.8  26597.3    26570
read      203.5   102.0    63.8   101.3   110.9   179.1   224.1   251.8   271.2   293.5   321.2   367.6   508.8  1010.5  2223.1 109154.3   109183
read      202.8   118.6    63.8   100.9   110.3   181.6   229.7   256.9   274.6   295.0   319.8   359.9   454.1   674.1  2014.8  91458.0    91282
read      203.4    87.0    68.9   101.3   110.7   193.5   237.8   258.6   271.7   287.1   306.0   335.6   409.7   685.9  2352.0  61539.5    61610
read      202.6   104.0    63.8   103.1   113.1   179.6   219.8   245.1   264.2   286.5   314.8   360.1   494.9  1181.3  2058.4 127031.8   126993
read      218.3   141.1    68.9   113.4   126.2   197.1   233.2   255.4   272.2   292.8   320.0   367.4   505.2  1889.6  4803.9 163247.8   163241
read      196.4    87.8    68.9   108.4   120.3   194.9   218.2   230.1   238.3   249.2   263.3   285.6   341.6   807.5  3651.0  25278.7    25259
read      200.0   108.9    68.9   101.3   110.8   176.3   218.6   245.2   264.6   286.8   314.4   358.1   492.1   893.7  3580.2 121156.4   121128

Total QPS = 102583.7 (61550240 / 600.0s)

Total connections = 64
Misses = 0 (0.0%)
Skipped TXs = 0 (0.0%)

RX 15202909527 bytes :   24.2 MB/s
TX          0 bytes :    0.0 MB/s
Warning! Detected max cpu usage > 95%
CPU Usage Stats (avg/min/max): 99.82%,44.95%,100.00%
