Random waveform, random seed
Total number of intervals = 60 (103524, 16649, 141526, 110206, 139301, 174364, 53123, 117047, 135469, 170070, 165417, 25923, 79262, 176374, 69037, 11092, 24857, 17718, 90418, 66275, 130215, 63511, 54455, 100779, 73683, 42999, 72181, 173722, 123113, 54347, 35414, 175364, 68842, 52824, 173956, 27155, 138037, 99589, 32280, 178677, 97255, 169154, 171914, 177105, 101081, 72574, 124973, 167361, 135663, 105774, 24453, 44123, 66246, 176753, 143585, 68654, 49024, 171776, 144307, 139860)
Average QPS expected = 101840
Timestamp start: 1747064484834
Timestamp end: 1747065085163

#type       avg     std     min      p5     p10     p50     p67     p75     p80     p85     p90     p95     p99    p999   p9999      QPS   target
read      254.9   235.1    63.8   106.0   117.6   212.8   282.0   328.1   360.4   393.6   432.9   498.6   692.2  1598.7  8119.6 103356.7   103524
read      217.5   153.8    68.9   112.2   127.5   203.4   230.4   245.8   256.8   270.7   289.7   322.7   591.9  2173.1  5192.8  16689.5    16649
read      550.5   619.2    74.4   146.8   169.7   287.1   348.2   518.2   989.1  1318.4  1449.8  1603.2  2745.1  5751.6  8998.8 141474.6   141526
read      554.0   656.2    74.4   147.5   171.7   282.6   344.0   471.8   806.6  1308.7  1489.8  1710.1  3238.6  5605.1  8127.0 110066.1   110206
read      559.5   667.3    68.9   148.8   172.3   286.4   350.8   478.8   762.8  1300.8  1505.7  1755.3  3321.6  5023.4  8112.4 139716.4   139301
read      531.2   624.4    63.8   149.8   172.8   274.5   346.6   495.5   717.4  1103.1  1426.2  1693.2  3124.8  4651.2  8078.1 174279.5   174364
read      489.7   596.1    68.9   139.0   158.5   261.9   365.4   523.3   675.9   892.4  1207.2  1529.1  2767.8  7573.8  9174.3  53067.7    53123
read      494.5   538.7    68.9   144.6   165.2   268.8   361.9   533.3   721.9   982.3  1292.4  1538.4  2561.8  3895.4  8055.2 116998.4   117047
read      530.9   611.4    68.9   150.0   174.2   274.8   341.1   479.8   752.7  1212.9  1432.4  1661.2  2945.1  4544.1  8041.5 135361.3   135469
read      542.4   647.5    68.9   149.6   173.9   276.8   342.1   466.8   726.4  1215.9  1464.7  1726.9  3245.2  4707.7  8105.3 170170.4   170070
read      539.6   630.6    63.8   147.5   168.5   280.8   360.5   499.1   745.2  1174.2  1452.3  1718.0  3102.4  4567.7  8071.8 165334.5   165417
read      535.9   738.0    68.9   137.7   154.8   270.0   379.7   558.0   752.2  1012.8  1343.4  1648.6  3238.2  7974.0  9796.8  26013.0    25923
read      485.8   506.4    68.9   132.5   152.0   288.0   419.1   588.3   723.8   888.0  1121.5  1494.2  2343.2  4054.6  7989.6  79161.2    79262
read      588.3   670.9    68.9   152.6   173.1   316.3   392.9   522.8   890.1  1370.1  1556.0  1791.0  3335.9  4714.3  8058.0 176247.1   176374
read      462.0   657.2    68.9   114.1   129.4   237.6   310.3   359.5   422.7   720.1  1387.0  1669.7  3158.8  7625.4  9150.4  69029.1    69037
read      257.3   434.7    68.9   108.1   119.0   184.4   216.7   235.9   253.1   276.1   323.4   548.0  1643.4  7660.0  8120.2  11111.3    11092
read      229.3   130.0    68.9   107.7   120.9   217.6   254.2   274.0   288.3   304.6   326.0   365.9   548.6  1757.0  3171.7  24777.1    24857
read      218.4   119.5    68.9   111.2   126.3   208.7   238.1   254.1   266.3   280.0   297.9   333.8   502.0  1653.2  3561.8  17727.6    17718
read      301.3   247.2    68.9   109.8   123.0   233.0   327.2   390.6   431.5   478.5   542.6   656.5  1013.3  2881.5  7482.6  90420.9    90418
read      269.4   202.8    68.9   105.3   117.5   230.0   292.5   327.8   355.6   389.9   438.0   547.3   939.9  2021.6  5847.5  66227.6    66275
read      556.3   580.3    68.9   148.7   172.7   305.6   469.6   678.7   857.0  1115.8  1369.7  1599.0  2783.5  4692.0  8092.9 130320.1   130215
read      308.6   303.2    63.8   110.4   124.7   235.2   299.6   340.4   374.3   422.9   518.1   761.7  1493.2  3317.3  7754.4  63687.3    63511
read      262.2   207.8    68.9   104.5   116.4   228.5   286.6   318.9   343.0   371.8   409.2   487.0   897.5  2791.1  5229.2  54432.8    54455
read      330.5   312.2    68.9   112.7   127.6   241.9   342.7   408.6   455.0   512.3   603.6   784.2  1369.8  3642.7  8029.5 100921.5   100779
read      315.1   338.2    68.9   106.3   119.1   238.5   320.3   371.5   406.9   454.2   533.5   726.8  1460.2  4268.4  8797.1  73634.0    73683
read      277.7   257.3    68.9   105.6   118.1   229.2   285.5   316.6   340.9   372.0   421.8   580.0  1255.2  3356.1  6409.1  42954.8    42999
read      292.5   295.1    68.9   104.6   116.9   233.7   308.0   353.0   384.6   420.7   471.8   603.9  1218.2  3927.6  7892.0  72105.2    72181
read      558.9   611.8    68.9   149.3   174.6   295.4   426.2   649.4   859.0  1173.2  1405.4  1636.7  2974.4  4890.1  9276.3 173911.6   173722
read      554.4   640.5    68.9   149.1   173.5   288.1   414.1   616.5   800.2  1065.9  1390.1  1698.7  3284.2  5078.4  8128.2 123244.8   123113
read      426.9   518.2    74.4   126.2   143.0   246.6   357.3   476.8   577.5   709.6   909.1  1306.3  2513.2  7294.3  9073.2  54346.2    54347
read      246.8   174.3    63.8   105.2   117.4   222.0   269.6   295.3   313.9   336.9   369.3   436.6   793.9  2033.7  5881.4  35423.1    35414
read      562.6   613.9    68.9   148.3   173.4   299.1   455.8   669.0   850.9  1112.2  1384.7  1655.7  3064.8  4938.5  8613.8 175241.9   175364
read      511.5   624.2    74.4   139.3   159.4   273.6   404.8   568.2   710.2   899.7  1199.0  1580.9  3065.3  7464.8  9988.1  68831.2    68842
read      285.4   259.6    63.8   106.2   119.0   229.9   296.1   335.6   365.4   401.3   460.9   620.7  1194.2  3209.7  7049.8  52943.2    52824
read      551.5   609.4    68.9   147.7   171.8   294.3   429.7   632.3   823.9  1106.4  1383.1  1633.0  2992.2  5267.4  9056.1 174004.3   173956
read      330.1   462.1    68.9   114.5   129.6   223.2   278.3   319.2   362.7   433.6   567.8   887.3  1852.2  7611.6  9447.6  27239.4    27155
read      562.8   601.4    68.9   149.1   174.7   301.3   464.7   678.2   865.8  1130.1  1388.1  1634.2  2960.5  4929.9  8101.0 137891.8   138037
read      511.1   572.3    68.9   140.9   163.1   277.5   411.4   584.0   734.6   941.1  1253.6  1576.5  2767.0  4682.0  8129.2  99616.3    99589
read      260.0   228.2    63.8   105.9   118.3   222.0   269.1   295.6   315.3   341.5   384.9   502.4  1090.7  2922.7  6123.8  32344.0    32280
read      556.3   627.3    68.9   149.9   174.8   289.1   368.2   555.4   852.7  1270.9  1458.1  1688.2  3029.4  4707.7  8102.9 178750.7   178677
read      589.2   694.9    68.9   151.1   176.3   301.4   390.7   584.7   860.6  1303.6  1528.4  1820.7  3401.1  7264.6  8130.2  97220.0    97255
read      587.6   666.6    68.9   151.1   176.0   306.5   416.7   631.8   872.8  1238.3  1495.2  1807.8  3283.2  5099.7  8089.4 169003.1   169154
read      591.1   684.3    74.4   150.7   175.4   306.9   410.6   620.4   867.5  1253.4  1507.8  1817.2  3421.5  6066.5  8985.9 171961.3   171914
read      586.4   689.3    68.9   150.0   174.3   301.6   387.4   574.2   857.2  1306.5  1525.4  1811.6  3421.8  5872.9  9370.7 177110.6   177105
read      586.4   692.7    74.4   150.2   174.1   301.2   376.7   547.8   872.3  1337.5  1536.8  1801.0  3382.2  7222.6  8831.7 101233.5   101081
read      591.8   712.3    74.4   150.2   174.1   301.5   380.3   561.9   884.8  1335.1  1535.2  1806.9  3441.2  7579.7  9121.8  72671.7    72574
read      586.0   686.8    74.4   150.1   173.6   301.0   388.5   583.3   869.6  1302.5  1517.1  1803.6  3375.8  6592.7  9233.1 125177.9   124973
read      573.6   675.5    74.4   148.8   172.4   294.9   392.3   592.1   834.3  1214.5  1473.1  1770.6  3331.8  6698.9  9477.5 167206.9   167361
read      543.3   653.7    68.9   148.5   171.2   277.9   367.7   547.3   764.1  1099.2  1412.4  1702.8  3217.8  7082.7  9287.7 135580.3   135663
read      521.1   637.5    68.9   144.2   164.2   267.5   352.7   514.1   719.3  1031.6  1373.9  1662.4  3081.7  7185.1  9235.7 105767.4   105774
read      565.3   784.8    74.4   143.0   163.3   276.0   374.8   567.8   790.5  1119.6  1422.5  1732.5  3541.1  7998.0 10116.3  24419.3    24453
read      549.5   700.2    74.4   142.7   162.3   277.5   379.1   575.8   793.3  1100.9  1407.8  1720.2  3189.8  7789.5 10029.2  44019.5    44123
read      538.4   636.3    74.4   141.8   161.7   287.4   396.8   599.2   790.2  1048.0  1360.9  1675.2  3000.9  7265.3  9548.6  66330.4    66246
read      574.1   678.8    68.9   153.8   179.2   294.4   369.4   531.9   810.6  1292.1  1505.9  1771.7  3374.6  6317.1  8621.6 176784.2   176753
read      548.7   675.5    68.9   146.9   166.9   287.0   349.2   443.6   658.6  1283.5  1508.9  1741.5  3399.5  7003.7  8776.8 143491.1   143585
read      547.1   710.2    74.4   141.4   161.0   279.8   343.9   431.1   658.7  1286.3  1496.1  1729.9  3420.9  7700.9  9326.9  68477.2    68654
read      489.3   618.9    68.9   129.4   147.8   273.5   361.0   475.6   603.4   820.7  1299.7  1614.5  2929.6  7414.3  9230.9  47961.3    49024
read      574.3   694.5    74.4   148.5   169.1   294.6   350.6   435.1   854.3  1381.1  1545.5  1757.1  3500.3  6132.3  9381.1 155107.0   171776
read      564.4   698.2    68.9   145.3   164.3   289.0   343.0   412.6   714.8  1369.8  1547.5  1771.6  3506.5  7183.4  8128.5 105094.6   144307
read      572.8   832.5    74.4   139.1   155.9   275.1   331.0   397.8   678.5  1347.4  1536.4  1777.8  3720.3  8008.8  9910.2  26734.4   139860

Total QPS = 99007.1 (59404260 / 600.0s)

Total connections = 64
Misses = 0 (0.0%)
Skipped TXs = 0 (0.0%)

RX 14672851973 bytes :   23.3 MB/s
TX          0 bytes :    0.0 MB/s
Warning! Detected max cpu usage > 95%
CPU Usage Stats (avg/min/max): 99.82%,45.50%,100.00%
