Random waveform, random seed
Total number of intervals = 60 (114243, 80396, 155536, 22215, 69596, 132131, 71214, 12839, 166115, 16780, 69650, 156762, 152522, 117891, 145202, 126530, 91102, 18353, 84342, 146745, 161654, 118847, 112904, 150767, 24180, 10507, 169055, 84158, 33437, 8450, 69134, 53355, 163689, 34961, 82635, 161730, 6242, 61498, 166571, 168236, 142271, 43985, 9772, 59124, 169785, 106951, 23828, 45853, 92249, 44362, 54374, 149821, 54095, 179135, 96949, 101118, 168045, 85586, 52817, 51199)
Average QPS expected = 92058
Timestamp start: 1746975050034
Timestamp end: 1746975650275

#type       avg     std     min      p5     p10     p50     p67     p75     p80     p85     p90     p95     p99    p999   p9999      QPS   target
read      233.6   152.0    54.7    99.3   109.5   190.8   258.0   305.5   337.6   370.8   409.1   468.2   619.1  1485.0  4131.4 114344.8   114243
read      226.3   173.4    63.8    94.4   102.8   192.6   255.4   292.8   318.5   346.6   380.8   431.7   571.3  2353.0  5521.3  80411.3    80396
read      462.8   509.5    68.9   137.8   161.5   243.1   291.8   393.7   633.9  1107.4  1329.9  1479.9  2280.7  3707.9  7697.1 155455.1   155536
read      212.0   202.5    68.9    98.9   109.3   184.6   219.9   241.6   257.0   275.3   305.4   367.0   804.2  2036.6  7849.6  22212.2    22215
read      225.2   157.0    63.8    93.9   101.9   196.3   257.7   293.3   317.6   344.0   374.8   422.4   549.2  2018.0  4353.9  69598.2    69596
read      263.2   168.5    63.8   107.2   118.9   203.4   278.6   344.2   388.1   433.3   489.1   578.3   800.4  1188.9  2794.2 132374.5   132131
read      217.1   124.9    59.1    95.1   103.9   194.5   250.8   282.0   303.8   327.4   356.8   401.0   515.5   894.2  4015.8  71073.0    71214
read      166.7    57.0    63.8   101.3   111.4   161.4   180.3   190.7   198.3   207.7   220.0   245.1   345.9   547.5  1300.9  12830.7    12839
read      455.8   512.7    63.8   139.2   162.2   239.7   281.3   345.7   556.2  1123.5  1335.3  1491.0  2275.9  3709.8  7790.2 166166.6   166115
read      198.9   228.1    63.8   100.9   111.1   170.4   193.7   207.0   217.2   231.4   254.3   330.8   944.2  2490.2  7850.6  16752.3    16780
read      231.0   139.8    63.8    95.0   103.3   199.1   266.8   305.9   332.7   362.9   398.4   451.7   565.4  1528.1  2913.5  69658.5    69650
read      528.3   587.9    68.9   144.6   165.2   279.7   335.5   425.9   846.2  1307.2  1445.8  1608.6  2667.7  3994.4  7928.1 156726.0   156762
read      550.3   667.3    63.8   145.0   165.4   281.0   335.5   413.7   683.6  1330.7  1522.8  1758.3  3356.6  4746.4  8022.0 152464.7   152522
read      560.6   694.3    68.9   144.9   165.4   283.1   339.5   423.4   685.2  1345.5  1544.2  1801.3  3455.7  5842.5  8083.6 117854.5   117891
read      557.0   687.7    68.9   145.5   166.0   282.5   336.8   415.1   675.4  1339.5  1535.6  1788.2  3467.1  5045.5  8088.5 145065.9   145202
read      535.6   664.5    68.9   143.7   163.5   271.6   323.8   392.0   618.1  1303.7  1501.8  1740.8  3371.9  4867.6  8050.6 126582.9   126530
read      401.7   549.7    68.9   120.8   136.1   220.7   274.1   319.4   380.0   542.4  1057.7  1504.2  2694.9  6613.3  8102.8  91052.5    91102
read      269.7   420.6    63.8   101.4   111.0   181.5   222.8   252.9   279.7   324.3   416.7   703.6  1655.4  7469.4  8114.7  18332.8    18353
read      237.9   145.6    63.8    96.1   105.1   193.7   272.7   323.2   356.8   391.8   431.9   489.2   607.4   997.7  3690.7  84351.9    84342
read      477.3   529.9    68.9   142.3   166.2   247.8   291.2   354.6   673.0  1235.2  1370.4  1507.1  2339.1  3687.7  7736.2 146981.8   146745
read      507.2   615.3    63.8   141.3   166.7   256.0   298.9   364.6   583.1  1252.8  1441.9  1658.4  3015.5  4247.1  7965.6 161576.5   161654
read      486.1   613.2    68.9   142.4   165.1   242.6   286.7   347.8   533.2  1076.9  1402.3  1649.4  3000.9  4587.8  8064.0 118977.8   118847
read      457.7   556.0    68.9   136.1   154.2   232.0   280.5   347.8   544.4   979.3  1336.3  1575.7  2595.7  3944.2  7963.5 112722.6   112904
read      466.1   582.7    68.9   129.9   150.3   245.6   287.8   334.9   444.8  1009.8  1387.0  1601.2  2870.2  4077.1  8000.2 150811.9   150767
read      220.4   233.4    68.9    99.5   110.1   184.9   221.2   243.8   260.1   280.3   314.0   394.8  1067.6  2697.0  7927.0  24188.6    24180
read      170.0    77.1    68.9   103.8   113.3   162.2   181.7   192.6   200.2   210.6   224.2   249.9   366.9   872.0  2669.3  10479.5    10507
read      493.1   558.3    63.8   140.0   164.5   254.5   299.4   378.3   687.1  1246.7  1396.8  1563.7  2535.2  3910.8  7840.9 169096.0   169055
read      384.8   476.1    63.8   111.4   128.6   227.7   287.5   352.6   423.4   547.0   886.7  1393.3  2313.3  4042.2  7991.9  84171.0    84158
read      207.4   102.3    63.8    96.8   106.5   195.1   238.0   260.6   274.3   291.6   312.6   344.7   450.5  1193.0  2574.4  33496.7    33437
read      163.6   103.6    68.9   104.4   113.0   155.0   172.3   182.6   189.8   198.5   210.9   232.2   334.7  1050.0  4663.5   8460.1     8450
read      233.7   163.2    63.8    94.3   102.4   199.7   268.0   307.9   334.4   362.6   395.6   446.2   602.1  2055.1  3857.6  68899.5    69134
read      225.6   134.0    63.8    94.8   103.1   201.5   261.2   294.3   315.5   338.5   366.1   408.0   543.1  1509.6  3282.6  53415.2    53355
read      483.3   548.1    68.9   138.7   161.5   250.6   293.3   355.2   659.6  1246.0  1387.8  1541.4  2469.3  3749.6  7850.2 163898.0   163689
read      255.2   299.4    63.8   100.1   111.4   197.4   246.0   273.5   294.4   320.0   363.8   517.4  1429.6  3356.9  8020.1  34965.3    34961
read      235.3   162.1    63.8    94.6   103.1   193.5   268.3   314.1   344.7   377.1   413.8   466.9   600.9  2006.5  3265.4  82654.9    82635
read      474.6   545.3    63.8   134.8   156.5   249.4   292.6   351.5   571.2  1214.4  1376.9  1542.1  2476.7  3999.2  7855.5 161748.1   161730
read      207.7   391.1    68.9   104.2   112.7   154.3   174.1   186.6   197.4   212.1   239.2   370.9  1311.1  7521.2  9716.2   6240.5     6242
read      231.4   158.7    59.1    94.8   103.3   202.3   265.9   302.9   327.1   353.0   383.5   429.3   574.8  2004.3  4448.4  61403.6    61498
read      498.6   570.3    68.9   140.0   164.0   258.6   302.6   368.7   681.4  1263.9  1408.3  1572.2  2638.3  3999.7  7831.8 166421.3   166571
read      513.9   644.1    63.8   141.0   165.3   257.6   302.0   361.4   553.7  1228.0  1464.6  1711.3  3290.6  4455.2  7987.7 168115.2   168236
read      502.6   646.1    68.9   139.1   159.8   251.3   295.4   346.5   511.1  1204.7  1447.4  1695.9  3268.4  4833.4  8056.8 142318.4   142271
read      389.1   570.3    68.9   115.4   129.4   203.7   252.9   306.3   398.1   592.4   968.2  1421.3  2612.1  7610.6  8814.8  44060.1    43985
read      177.6   114.6    68.9   104.4   114.0   164.7   186.0   198.0   207.2   218.3   236.0   274.5   434.0  1317.0  4902.7   9787.5     9772
read      231.8   150.5    59.1    94.7   103.5   204.3   267.5   303.9   327.6   352.7   382.3   426.4   566.0  1991.3  3580.4  59074.0    59124
read      507.2   578.8    63.8   140.5   163.8   263.1   310.1   386.5   728.6  1272.1  1420.2  1587.0  2700.7  4084.7  7872.6 169841.8   169785
read      488.4   620.9    68.9   134.3   153.7   249.9   296.5   354.7   519.2  1103.3  1411.3  1649.5  3065.4  4986.9  8056.5 107125.7   106951
read      227.6   257.0    63.8   101.3   112.3   189.8   227.6   250.0   265.3   283.8   312.2   389.7  1212.2  2865.0  8012.3  23886.1    23828
read      225.8   127.8    63.8    96.1   105.7   204.5   261.8   291.6   311.3   332.8   359.2   399.2   523.3  1651.3  2855.9  45817.3    45853
read      244.4   202.8    63.8    96.2   105.8   194.5   271.4   322.2   355.9   390.4   429.6   488.8   653.8  2797.7  6142.7  92291.9    92249
read      224.2   132.8    63.8    96.0   105.6   203.5   259.5   288.0   307.2   327.6   352.1   391.7   511.9  1599.0  3527.8  44289.0    44362
read      235.6   168.0    59.1    95.8   105.1   208.4   270.9   305.5   327.8   352.0   381.4   427.6   579.8  2100.1  6052.6  54388.7    54374
read      501.8   574.0    68.9   141.1   164.5   258.0   306.4   395.0   769.5  1254.9  1399.6  1564.2  2539.5  4591.5  7931.5 149727.5   149821
read      270.3   294.0    63.8    98.1   109.1   205.2   263.4   301.2   327.7   358.3   402.0   575.3  1480.5  3183.6  7850.4  54100.4    54095
read      508.6   585.4    63.8   141.2   165.0   262.8   309.5   386.7   704.8  1271.5  1420.3  1594.7  2687.3  4355.6  7946.6 179002.9   179135
read      516.0   641.7    68.9   141.0   164.4   259.2   305.4   367.6   584.1  1277.3  1461.4  1679.1  3082.5  5949.8  8081.7  96669.4    96949
read      425.6   524.0    63.8   122.7   141.2   234.5   292.7   370.4   477.9   677.5  1191.3  1496.6  2546.3  4164.8  7991.0 101108.0   101118
read      511.4   584.7    63.8   140.9   163.9   265.7   313.1   388.2   714.0  1284.1  1428.6  1601.6  2700.8  4054.2  7897.5 168235.7   168045
read      453.7   563.1    68.9   130.3   149.5   240.2   292.3   366.0   503.0   853.9  1316.8  1559.8  2666.5  4532.7  8051.9  85468.6    85586
read      228.6   139.1    63.8    95.9   105.0   205.6   265.8   298.5   319.9   342.8   370.0   409.7   521.9  1666.4  3578.6  52766.2    52817
read      232.7   159.7    63.8    96.1   105.1   204.6   265.7   298.6   319.7   342.8   371.5   418.2   615.1  2205.4  3442.2  51379.0    51199

Total QPS = 92056.2 (55233708 / 600.0s)

Total connections = 64
Misses = 0 (0.0%)
Skipped TXs = 0 (0.0%)

RX 13642725629 bytes :   21.7 MB/s
TX          0 bytes :    0.0 MB/s
Warning! Detected max cpu usage > 95%
CPU Usage Stats (avg/min/max): 99.83%,49.75%,100.00%
