1747126273.394346,2025-05-13 08:51:13,67.60,62.20,100.00,100.00
1747126274.8984878,2025-05-13 08:51:14,64.70,60.60,100.00,100.00
1747126276.4035263,2025-05-13 08:51:16,65.70,62.90,100.00,100.00
1747126277.906495,2025-05-13 08:51:17,61.80,61.80,100.00,100.00
1747126279.4111698,2025-05-13 08:51:19,71.10,72.20,100.00,100.00
1747126280.9140413,2025-05-13 08:51:20,19.10,7.70,100.00,100.00
1747126282.4453025,2025-05-13 08:51:22,5.90,100.00,100.00,100.00
1747126283.9679158,2025-05-13 08:51:23,6.10,100.00,100.00,100.00
1747126285.4709918,2025-05-13 08:51:25,0.00,100.00,100.00,100.00
1747126286.975016,2025-05-13 08:51:26,5.90,100.00,100.00,100.00
1747126288.4787292,2025-05-13 08:51:28,6.10,100.00,100.00,100.00
1747126289.9827096,2025-05-13 08:51:29,6.50,100.00,100.00,100.00
1747126291.4867916,2025-05-13 08:51:31,13.00,100.00,100.00,100.00
1747126292.9903605,2025-05-13 08:51:32,23.10,100.00,100.00,100.00
1747126294.4952888,2025-05-13 08:51:34,23.10,100.00,100.00,100.00
1747126296.000152,2025-05-13 08:51:36,26.90,100.00,100.00,100.00
1747126297.504026,2025-05-13 08:51:37,20.00,100.00,100.00,100.00
1747126299.0073593,2025-05-13 08:51:39,20.00,100.00,100.00,100.00
1747126300.5105479,2025-05-13 08:51:40,100.00,100.00,73.50,100.00
1747126302.0335755,2025-05-13 08:51:42,100.00,100.00,100.00,100.00
1747126303.5823166,2025-05-13 08:51:43,100.00,100.00,100.00,100.00
1747126305.085759,2025-05-13 08:51:45,97.90,98.00,100.00,100.00
1747126306.591459,2025-05-13 08:51:46,93.90,93.30,100.00,100.00
1747126308.0946493,2025-05-13 08:51:48,97.80,93.20,100.00,100.00
1747126309.6004004,2025-05-13 08:51:49,100.00,100.00,100.00,100.00
1747126311.1034,2025-05-13 08:51:51,14.90,9.10,100.00,100.00
1747126312.634356,2025-05-13 08:51:52,2.60,100.00,100.00,100.00
1747126314.4088075,2025-05-13 08:51:54,0.00,21.30,31.90,54.20
1747126315.9112887,2025-05-13 08:51:55,0.00,100.00,77.60,75.50
1747126317.414383,2025-05-13 08:51:57,5.10,100.00,100.00,100.00
1747126318.9183779,2025-05-13 08:51:58,2.70,100.00,100.00,100.00
1747126320.4228806,2025-05-13 08:52:00,100.00,100.00,100.00,100.00
1747126321.9480371,2025-05-13 08:52:01,95.70,100.00,100.00,100.00
1747126323.4906733,2025-05-13 08:52:03,70.30,70.30,100.00,100.00
1747126324.9953682,2025-05-13 08:52:04,72.20,71.10,100.00,100.00
1747126326.4999003,2025-05-13 08:52:06,75.70,69.40,100.00,100.00
1747126328.004616,2025-05-13 08:52:08,73.70,70.30,100.00,100.00
1747126329.5081775,2025-05-13 08:52:09,68.60,66.70,100.00,100.00
1747126331.0113351,2025-05-13 08:52:11,35.30,31.20,100.00,100.00
1747126332.5441003,2025-05-13 08:52:12,61.30,100.00,100.00,100.00
1747126334.0488935,2025-05-13 08:52:14,71.90,100.00,100.00,100.00
1747126335.5540788,2025-05-13 08:52:15,65.60,100.00,100.00,100.00
1747126337.0578701,2025-05-13 08:52:17,67.70,100.00,100.00,100.00
1747126338.561712,2025-05-13 08:52:18,65.60,100.00,100.00,100.00
1747126340.0661588,2025-05-13 08:52:20,83.30,100.00,100.00,100.00
1747126341.5727966,2025-05-13 08:52:21,100.00,100.00,100.00,100.00
1747126343.11603,2025-05-13 08:52:23,51.50,51.50,100.00,100.00
1747126344.6555192,2025-05-13 08:52:24,100.00,100.00,100.00,100.00
1747126346.213975,2025-05-13 08:52:26,50.00,48.40,100.00,100.00
1747126347.7651622,2025-05-13 08:52:27,100.00,100.00,100.00,100.00
1747126349.3020575,2025-05-13 08:52:29,48.40,46.70,100.00,100.00
1747126350.8373399,2025-05-13 08:52:30,95.30,100.00,100.00,100.00
1747126352.3751543,2025-05-13 08:52:32,50.00,48.40,100.00,100.00
1747126353.9101954,2025-05-13 08:52:33,95.80,100.00,100.00,100.00
1747126355.4470582,2025-05-13 08:52:35,50.00,46.90,100.00,100.00
1747126356.9793172,2025-05-13 08:52:36,97.90,100.00,100.00,100.00
1747126358.5185385,2025-05-13 08:52:38,46.90,50.00,100.00,100.00
1747126360.0649014,2025-05-13 08:52:40,98.00,100.00,100.00,100.00
1747126361.6005986,2025-05-13 08:52:41,62.90,63.90,100.00,100.00
1747126363.1057913,2025-05-13 08:52:43,65.80,61.80,100.00,100.00
1747126364.6094592,2025-05-13 08:52:44,65.80,69.40,100.00,100.00
1747126366.114068,2025-05-13 08:52:46,64.70,63.90,100.00,100.00
1747126367.6171386,2025-05-13 08:52:47,62.90,68.60,100.00,100.00
1747126369.1210914,2025-05-13 08:52:49,68.40,66.70,100.00,100.00
1747126370.6236925,2025-05-13 08:52:50,19.60,2.40,100.00,100.00
1747126372.1493673,2025-05-13 08:52:52,0.00,100.00,100.00,100.00
1747126373.6716213,2025-05-13 08:52:53,2.60,100.00,100.00,100.00
1747126375.1751232,2025-05-13 08:52:55,0.00,100.00,100.00,100.00
1747126376.6779497,2025-05-13 08:52:56,5.30,100.00,100.00,100.00
1747126378.1813262,2025-05-13 08:52:58,5.10,100.00,100.00,100.00
1747126379.6851726,2025-05-13 08:52:59,5.10,100.00,100.00,100.00
1747126381.1887116,2025-05-13 08:53:01,21.40,100.00,100.00,100.00
1747126382.6922057,2025-05-13 08:53:02,14.30,100.00,100.00,100.00
1747126384.1960332,2025-05-13 08:53:04,7.70,100.00,100.00,100.00
1747126385.6996217,2025-05-13 08:53:05,7.70,100.00,100.00,100.00
1747126387.2032151,2025-05-13 08:53:07,23.30,100.00,100.00,100.00
1747126388.707763,2025-05-13 08:53:08,11.10,100.00,100.00,100.00
1747126390.2122614,2025-05-13 08:53:10,8.10,100.00,100.00,100.00
1747126391.7156396,2025-05-13 08:53:11,2.60,100.00,100.00,100.00
1747126393.2188652,2025-05-13 08:53:13,2.60,100.00,100.00,100.00
1747126394.722608,2025-05-13 08:53:14,5.00,100.00,100.00,100.00
1747126396.2263372,2025-05-13 08:53:16,4.90,100.00,100.00,100.00
1747126397.7294981,2025-05-13 08:53:17,2.50,100.00,100.00,100.00
1747126399.232599,2025-05-13 08:53:19,5.00,100.00,100.00,100.00
1747126400.7366652,2025-05-13 08:53:20,2.80,100.00,100.00,100.00
1747126402.2403088,2025-05-13 08:53:22,0.00,100.00,100.00,100.00
1747126403.7439332,2025-05-13 08:53:23,2.90,100.00,100.00,100.00
1747126405.2479377,2025-05-13 08:53:25,8.10,100.00,100.00,100.00
1747126406.7508075,2025-05-13 08:53:26,8.30,100.00,100.00,100.00
1747126408.2546804,2025-05-13 08:53:28,5.60,100.00,100.00,100.00
1747126409.7583745,2025-05-13 08:53:29,0.00,100.00,100.00,100.00
1747126411.2636564,2025-05-13 08:53:31,100.00,100.00,100.00,100.00
1747126412.788947,2025-05-13 08:53:32,100.00,100.00,100.00,100.00
1747126414.3257513,2025-05-13 08:53:34,70.30,65.70,100.00,100.00
1747126415.829325,2025-05-13 08:53:35,67.60,68.60,100.00,100.00
1747126417.3325043,2025-05-13 08:53:37,67.60,71.80,100.00,100.00
1747126418.8366039,2025-05-13 08:53:38,64.90,68.60,100.00,100.00
1747126420.341271,2025-05-13 08:53:40,26.80,17.10,100.00,100.00
1747126421.8715332,2025-05-13 08:53:41,11.50,100.00,100.00,100.00
1747126423.393145,2025-05-13 08:53:43,15.40,100.00,100.00,100.00
1747126424.8995848,2025-05-13 08:53:44,19.20,100.00,100.00,100.00
1747126426.4023843,2025-05-13 08:53:46,18.50,100.00,100.00,100.00
1747126427.9058616,2025-05-13 08:53:47,15.40,100.00,100.00,100.00
1747126429.4092891,2025-05-13 08:53:49,19.20,100.00,100.00,100.00
1747126430.9126546,2025-05-13 08:53:50,100.00,100.00,100.00,100.00
1747126432.4446204,2025-05-13 08:53:52,98.00,100.00,100.00,100.00
1747126433.9914732,2025-05-13 08:53:53,100.00,100.00,100.00,100.00
1747126435.495377,2025-05-13 08:53:55,95.90,98.00,100.00,100.00
1747126436.9984968,2025-05-13 08:53:56,88.40,88.60,100.00,100.00
1747126438.5014732,2025-05-13 08:53:58,88.40,88.90,100.00,100.00
1747126440.0061421,2025-05-13 08:54:00,86.00,88.60,100.00,100.00
1747126441.5105937,2025-05-13 08:54:01,85.70,85.40,100.00,100.00
1747126443.0150466,2025-05-13 08:54:03,83.30,84.10,100.00,100.00
1747126444.5205367,2025-05-13 08:54:04,82.90,85.00,100.00,100.00
1747126446.0265117,2025-05-13 08:54:06,82.90,86.00,100.00,100.00
1747126447.5303895,2025-05-13 08:54:07,82.90,84.10,100.00,100.00
1747126449.035279,2025-05-13 08:54:09,85.40,87.80,100.00,100.00
1747126450.538549,2025-05-13 08:54:10,91.30,88.10,100.00,100.00
1747126452.0449295,2025-05-13 08:54:12,86.40,86.00,100.00,100.00
1747126453.5490742,2025-05-13 08:54:13,88.90,87.80,100.00,100.00
1747126455.0526524,2025-05-13 08:54:15,91.10,85.40,100.00,100.00
1747126456.5567508,2025-05-13 08:54:16,88.60,90.90,100.00,100.00
1747126458.0621314,2025-05-13 08:54:18,89.40,82.50,100.00,100.00
1747126459.5650976,2025-05-13 08:54:19,88.90,91.10,100.00,100.00
1747126461.067916,2025-05-13 08:54:21,12.80,4.50,100.00,100.00
1747126462.593352,2025-05-13 08:54:22,5.10,100.00,100.00,100.00
1747126464.1168985,2025-05-13 08:54:24,0.00,100.00,100.00,100.00
1747126465.6208494,2025-05-13 08:54:25,7.70,100.00,100.00,100.00
1747126467.124361,2025-05-13 08:54:27,5.10,100.00,100.00,100.00
1747126468.6279228,2025-05-13 08:54:28,0.00,100.00,100.00,100.00
1747126470.1315486,2025-05-13 08:54:30,59.10,100.00,100.00,100.00
1747126471.6352637,2025-05-13 08:54:31,100.00,100.00,100.00,100.00
1747126473.1604865,2025-05-13 08:54:33,100.00,100.00,100.00,100.00
1747126474.7129154,2025-05-13 08:54:34,100.00,100.00,100.00,100.00
1747126476.2177994,2025-05-13 08:54:36,95.80,97.80,100.00,100.00
1747126477.7209215,2025-05-13 08:54:37,85.00,83.30,100.00,100.00
1747126479.2256987,2025-05-13 08:54:39,85.40,82.90,100.00,100.00
1747126480.7300901,2025-05-13 08:54:40,95.50,95.70,100.00,100.00
1747126482.2335494,2025-05-13 08:54:42,100.00,93.60,100.00,100.00
1747126483.7391646,2025-05-13 08:54:43,93.30,95.70,100.00,100.00
1747126485.2433887,2025-05-13 08:54:45,93.60,93.50,100.00,100.00
1747126486.7475927,2025-05-13 08:54:46,95.60,97.90,100.00,100.00
1747126488.2509012,2025-05-13 08:54:48,95.50,93.60,100.00,100.00
1747126489.754496,2025-05-13 08:54:49,95.80,93.20,100.00,100.00
1747126491.257062,2025-05-13 08:54:51,6.30,4.30,100.00,100.00
1747126492.7839706,2025-05-13 08:54:52,8.50,100.00,100.00,100.00
1747126494.3040264,2025-05-13 08:54:54,6.70,100.00,100.00,100.00
1747126495.8071072,2025-05-13 08:54:55,6.50,100.00,100.00,100.00
1747126497.3099527,2025-05-13 08:54:57,2.30,100.00,100.00,100.00
1747126498.8133051,2025-05-13 08:54:58,4.50,100.00,100.00,100.00
1747126500.3165088,2025-05-13 08:55:00,89.60,100.00,98.00,100.00
1747126501.8216045,2025-05-13 08:55:01,100.00,100.00,100.00,100.00
1747126503.3476875,2025-05-13 08:55:03,100.00,100.00,100.00,100.00
1747126504.8800812,2025-05-13 08:55:04,64.70,60.00,100.00,100.00
1747126506.3841412,2025-05-13 08:55:06,61.80,58.30,100.00,100.00
1747126507.8879623,2025-05-13 08:55:07,61.10,58.80,100.00,100.00
1747126509.3908982,2025-05-13 08:55:09,57.10,55.90,100.00,100.00
1747126510.939663,2025-05-13 08:55:10,95.60,100.00,100.00,100.00
1747126512.4961703,2025-05-13 08:55:12,71.80,70.30,100.00,100.00
1747126513.9998133,2025-05-13 08:55:13,73.70,72.20,100.00,100.00
1747126515.5026512,2025-05-13 08:55:15,66.70,71.10,100.00,100.00
1747126517.0075133,2025-05-13 08:55:17,74.40,74.40,100.00,100.00
1747126518.5111144,2025-05-13 08:55:18,65.00,77.50,100.00,100.00
1747126520.0154355,2025-05-13 08:55:20,48.70,51.30,100.00,100.00
1747126521.543141,2025-05-13 08:55:21,7.30,100.00,100.00,100.00
1747126523.0632565,2025-05-13 08:55:23,5.00,100.00,100.00,100.00
1747126524.566905,2025-05-13 08:55:24,5.00,100.00,100.00,100.00
1747126526.070821,2025-05-13 08:55:26,0.00,100.00,100.00,100.00
1747126527.5739305,2025-05-13 08:55:27,2.50,100.00,100.00,100.00
1747126529.0775049,2025-05-13 08:55:29,2.50,100.00,100.00,100.00
1747126530.581503,2025-05-13 08:55:30,100.00,100.00,100.00,100.00
1747126532.1057732,2025-05-13 08:55:32,100.00,100.00,100.00,100.00
1747126533.664588,2025-05-13 08:55:33,100.00,100.00,100.00,100.00
1747126535.1677666,2025-05-13 08:55:35,100.00,98.00,100.00,100.00
1747126536.6727214,2025-05-13 08:55:36,100.00,100.00,100.00,100.00
1747126538.1776063,2025-05-13 08:55:38,100.00,100.00,100.00,100.00
1747126539.6832538,2025-05-13 08:55:39,100.00,100.00,100.00,100.00
1747126541.199583,2025-05-13 08:55:41,100.00,100.00,100.00,100.00
1747126542.7077763,2025-05-13 08:55:42,95.70,90.90,100.00,100.00
1747126544.2110624,2025-05-13 08:55:44,82.50,82.50,100.00,100.00
1747126545.715532,2025-05-13 08:55:45,64.90,62.20,100.00,100.00
1747126547.2193594,2025-05-13 08:55:47,70.30,67.60,100.00,100.00
1747126548.7247872,2025-05-13 08:55:48,66.70,65.70,100.00,100.00
1747126550.2284904,2025-05-13 08:55:50,37.50,36.80,100.00,100.00
1747126551.7581265,2025-05-13 08:55:51,20.00,100.00,100.00,100.00
1747126553.2808714,2025-05-13 08:55:53,18.50,100.00,100.00,100.00
1747126554.7840848,2025-05-13 08:55:54,28.60,100.00,100.00,100.00
1747126556.2871168,2025-05-13 08:55:56,22.20,100.00,100.00,100.00
1747126557.7902637,2025-05-13 08:55:57,21.40,100.00,100.00,100.00
1747126559.2961159,2025-05-13 08:55:59,19.20,96.00,98.00,98.00
1747126561.0252466,2025-05-13 08:56:01,5.90,53.20,56.30,51.10
1747126562.5289552,2025-05-13 08:56:02,5.90,100.00,100.00,100.00
1747126564.0327082,2025-05-13 08:56:04,3.00,100.00,100.00,100.00
1747126565.5367277,2025-05-13 08:56:05,0.00,100.00,100.00,100.00
1747126567.040215,2025-05-13 08:56:07,3.00,100.00,100.00,100.00
1747126568.5429852,2025-05-13 08:56:08,5.90,100.00,100.00,100.00
1747126570.0469394,2025-05-13 08:56:10,44.70,100.00,100.00,100.00
1747126571.5516956,2025-05-13 08:56:11,100.00,100.00,100.00,100.00
1747126573.0729518,2025-05-13 08:56:13,95.90,95.70,68.10,100.00
1747126574.6083498,2025-05-13 08:56:14,71.10,65.70,100.00,100.00
1747126576.1143703,2025-05-13 08:56:16,69.40,67.60,100.00,100.00
1747126577.6224563,2025-05-13 08:56:17,63.90,63.90,100.00,98.00
1747126579.1261454,2025-05-13 08:56:19,68.40,69.40,100.00,100.00
1747126580.6289794,2025-05-13 08:56:20,20.80,6.80,100.00,100.00
1747126582.3688822,2025-05-13 08:56:22,12.80,50.00,45.10,15.60
1747126583.888792,2025-05-13 08:56:23,2.60,100.00,100.00,100.00
1747126585.3930109,2025-05-13 08:56:25,0.00,100.00,100.00,100.00
1747126586.896022,2025-05-13 08:56:26,5.30,100.00,100.00,100.00
1747126588.400232,2025-05-13 08:56:28,2.60,100.00,100.00,100.00
1747126589.9044719,2025-05-13 08:56:29,12.80,100.00,100.00,100.00
1747126591.4105148,2025-05-13 08:56:31,97.90,100.00,100.00,100.00
1747126592.9334207,2025-05-13 08:56:32,97.80,100.00,100.00,100.00
1747126594.522561,2025-05-13 08:56:34,45.50,45.20,100.00,100.00
1747126596.958934,2025-05-13 08:56:36,95.70,100.00,100.00,100.00
1747126598.9101224,2025-05-13 08:56:38,50.00,60.00,100.00,100.00
1747126600.9044795,2025-05-13 08:56:40,93.50,100.00,100.00,100.00
1747126602.9180963,2025-05-13 08:56:42,74.40,80.00,100.00,100.00
1747126604.4216542,2025-05-13 08:56:44,71.10,76.30,100.00,100.00
1747126605.9274404,2025-05-13 08:56:45,75.60,80.00,100.00,100.00
1747126607.4306555,2025-05-13 08:56:47,71.10,72.20,100.00,100.00
1747126608.9343262,2025-05-13 08:56:48,73.70,78.90,100.00,100.00
1747126610.4375515,2025-05-13 08:56:50,35.90,27.30,100.00,100.00
1747126611.9680974,2025-05-13 08:56:51,63.30,100.00,100.00,100.00
1747126613.4741857,2025-05-13 08:56:53,61.30,100.00,100.00,100.00
1747126614.9771478,2025-05-13 08:56:54,58.10,100.00,100.00,100.00
1747126616.5001783,2025-05-13 08:56:56,60.00,100.00,100.00,100.00
1747126618.006617,2025-05-13 08:56:58,58.60,100.00,100.00,100.00
1747126619.5098202,2025-05-13 08:56:59,60.00,100.00,100.00,100.00
1747126621.0136344,2025-05-13 08:57:01,46.40,100.00,100.00,100.00
1747126622.5171447,2025-05-13 08:57:02,42.30,100.00,100.00,100.00
1747126624.0215762,2025-05-13 08:57:04,40.70,100.00,100.00,100.00
1747126625.5253558,2025-05-13 08:57:05,40.70,100.00,100.00,100.00
1747126627.028673,2025-05-13 08:57:07,48.30,100.00,100.00,100.00
1747126628.5317476,2025-05-13 08:57:08,38.50,100.00,100.00,100.00
1747126630.0351706,2025-05-13 08:57:10,29.60,100.00,100.00,100.00
1747126631.5398016,2025-05-13 08:57:11,13.30,100.00,100.00,100.00
1747128717.9690773,2025-05-13 09:31:57,100.00,93.70,41.30,91.00
1747128719.2971466,2025-05-13 09:31:59,100.00,100.00,100.00,100.00
1747128720.6049445,2025-05-13 09:32:00,95.90,93.00,100.00,100.00
1747128721.9101963,2025-05-13 09:32:01,94.30,91.30,100.00,100.00
1747128723.215744,2025-05-13 09:32:03,93.00,90.00,100.00,94.90
1747128724.5236266,2025-05-13 09:32:04,93.00,90.00,100.00,100.00
1747128725.8326757,2025-05-13 09:32:05,91.50,89.60,100.00,100.00
1747128727.1381087,2025-05-13 09:32:07,73.70,94.60,100.00,61.80
1747128728.443157,2025-05-13 09:32:08,34.10,100.00,100.00,5.50
1747128729.7695508,2025-05-13 09:32:09,35.70,100.00,100.00,10.80
1747128731.0745442,2025-05-13 09:32:11,37.50,100.00,100.00,11.10
1747128732.3819184,2025-05-13 09:32:12,35.00,100.00,100.00,8.30
1747128733.6873362,2025-05-13 09:32:13,38.10,100.00,100.00,8.30
1747128734.993236,2025-05-13 09:32:14,31.60,100.00,100.00,100.00
1747128736.3012395,2025-05-13 09:32:16,26.20,100.00,100.00,100.00
1747128737.6061513,2025-05-13 09:32:17,12.20,100.00,100.00,100.00
1747128738.9108098,2025-05-13 09:32:18,8.50,100.00,100.00,100.00
1747128740.2156422,2025-05-13 09:32:20,9.60,100.00,100.00,100.00
1747128741.5203388,2025-05-13 09:32:21,9.50,100.00,100.00,100.00
1747128742.8252642,2025-05-13 09:32:22,11.00,100.00,100.00,100.00
1747128744.1299872,2025-05-13 09:32:24,7.00,100.00,100.00,100.00
1747128745.4351408,2025-05-13 09:32:25,13.70,100.00,100.00,100.00
1747128746.7402775,2025-05-13 09:32:26,8.50,100.00,100.00,100.00
1747128748.0451438,2025-05-13 09:32:28,97.30,100.00,100.00,100.00
1747128749.3715322,2025-05-13 09:32:29,98.60,100.00,100.00,100.00
1747128750.6784008,2025-05-13 09:32:30,97.40,100.00,100.00,100.00
1747128751.9836185,2025-05-13 09:32:31,96.00,100.00,100.00,100.00
1747128753.29053,2025-05-13 09:32:33,97.30,100.00,100.00,100.00
1747128754.5964592,2025-05-13 09:32:34,97.40,100.00,100.00,100.00
1747128755.9010286,2025-05-13 09:32:35,97.30,100.00,100.00,100.00
1747128757.2061386,2025-05-13 09:32:37,95.80,100.00,100.00,100.00
1747128758.5113614,2025-05-13 09:32:38,94.00,100.00,100.00,100.00
1747128759.8209734,2025-05-13 09:32:39,92.50,100.00,100.00,100.00
1747128761.1281939,2025-05-13 09:32:41,92.50,100.00,100.00,100.00
1747128762.4360142,2025-05-13 09:32:42,91.20,100.00,100.00,100.00
1747128763.744325,2025-05-13 09:32:43,92.40,100.00,100.00,100.00
1747128765.0530322,2025-05-13 09:32:45,92.40,100.00,100.00,100.00
1747128766.3585842,2025-05-13 09:32:46,91.20,100.00,100.00,100.00
1747128767.6648457,2025-05-13 09:32:47,100.00,100.00,100.00,100.00
1747128768.9732876,2025-05-13 09:32:48,100.00,100.00,100.00,100.00
1747128770.280806,2025-05-13 09:32:50,100.00,100.00,100.00,100.00
1747128771.5869093,2025-05-13 09:32:51,98.80,100.00,100.00,100.00
1747128772.8962586,2025-05-13 09:32:52,100.00,100.00,100.00,100.00
1747128774.2017026,2025-05-13 09:32:54,100.00,100.00,100.00,100.00
1747128775.507928,2025-05-13 09:32:55,100.00,100.00,100.00,100.00
1747128776.8187666,2025-05-13 09:32:56,98.70,100.00,100.00,100.00
1747128778.1230507,2025-05-13 09:32:58,100.00,100.00,98.80,100.00
1747128779.4287682,2025-05-13 09:32:59,96.00,100.00,100.00,100.00
1747128780.7347887,2025-05-13 09:33:00,100.00,100.00,100.00,100.00
1747128782.0411103,2025-05-13 09:33:02,100.00,100.00,100.00,100.00
1747128783.3468866,2025-05-13 09:33:03,95.90,100.00,100.00,100.00
1747128784.653509,2025-05-13 09:33:04,94.30,100.00,100.00,100.00
1747128785.960505,2025-05-13 09:33:05,91.20,100.00,100.00,100.00
1747128787.2685254,2025-05-13 09:33:07,68.50,100.00,100.00,100.00
1747128788.5850792,2025-05-13 09:33:08,26.30,100.00,100.00,100.00
1747128789.910616,2025-05-13 09:33:09,22.00,100.00,100.00,100.00
1747128791.2163556,2025-05-13 09:33:11,32.60,100.00,100.00,100.00
1747128792.5222886,2025-05-13 09:33:12,26.80,100.00,100.00,100.00
1747128793.8290606,2025-05-13 09:33:13,40.00,100.00,100.00,100.00
1747128795.1355917,2025-05-13 09:33:15,41.90,100.00,100.00,100.00
1747128796.4431639,2025-05-13 09:33:16,34.10,100.00,100.00,100.00
1747128797.7507527,2025-05-13 09:33:17,100.00,100.00,100.00,100.00
1747128799.0773695,2025-05-13 09:33:19,100.00,100.00,100.00,100.00
1747128800.3838875,2025-05-13 09:33:20,100.00,100.00,98.80,100.00
1747128801.6890903,2025-05-13 09:33:21,100.00,100.00,98.70,100.00
1747128802.9947815,2025-05-13 09:33:22,98.70,100.00,94.90,100.00
1747128804.3020773,2025-05-13 09:33:24,100.00,100.00,98.70,100.00
1747128805.6098864,2025-05-13 09:33:25,100.00,100.00,97.50,100.00
1747128806.9164903,2025-05-13 09:33:26,100.00,100.00,93.80,100.00
1747128808.220951,2025-05-13 09:33:28,100.00,100.00,97.50,98.80
1747128811.1689835,2025-05-13 09:33:31,13.50,100.00,97.50,98.70
1747128812.4925838,2025-05-13 09:33:32,11.00,98.80,100.00,100.00
1747128813.7978404,2025-05-13 09:33:33,11.30,100.00,100.00,100.00
1747128815.102793,2025-05-13 09:33:35,16.00,100.00,100.00,100.00
1747128816.4078069,2025-05-13 09:33:36,15.60,100.00,100.00,100.00
1747128817.712704,2025-05-13 09:33:37,10.40,100.00,100.00,100.00
1747128819.021233,2025-05-13 09:33:39,10.30,100.00,100.00,100.00
1747128820.3269517,2025-05-13 09:33:40,10.30,100.00,100.00,100.00
1747128821.6325727,2025-05-13 09:33:41,13.20,100.00,100.00,100.00
1747128822.9380405,2025-05-13 09:33:42,15.20,100.00,100.00,100.00
1747128824.2436662,2025-05-13 09:33:44,12.10,100.00,100.00,100.00
1747128825.5525694,2025-05-13 09:33:45,14.70,100.00,100.00,100.00
1747128826.8585498,2025-05-13 09:33:46,22.90,96.30,98.80,98.80
1747128828.1675596,2025-05-13 09:33:48,100.00,96.30,66.70,100.00
1747128834.7654717,2025-05-13 09:33:54,100.00,100.00,100.00,100.00
1747128836.073994,2025-05-13 09:33:56,100.00,100.00,100.00,100.00
1747128837.3812559,2025-05-13 09:33:57,100.00,100.00,100.00,100.00
1747128838.6879263,2025-05-13 09:33:58,98.70,100.00,100.00,100.00
1747128839.9934616,2025-05-13 09:33:59,100.00,100.00,98.70,100.00
1747128841.30019,2025-05-13 09:34:01,97.40,100.00,100.00,100.00
1747128842.608004,2025-05-13 09:34:02,100.00,100.00,100.00,100.00
1747128843.9147909,2025-05-13 09:34:03,100.00,100.00,100.00,100.00
1747128845.2223873,2025-05-13 09:34:05,98.70,100.00,100.00,100.00
1747128846.5319786,2025-05-13 09:34:06,98.70,100.00,100.00,100.00
1747128847.8388958,2025-05-13 09:34:07,98.80,100.00,100.00,100.00
1747128849.143897,2025-05-13 09:34:09,100.00,100.00,100.00,100.00
1747128850.4516988,2025-05-13 09:34:10,100.00,100.00,100.00,100.00
1747128851.7569845,2025-05-13 09:34:11,98.70,100.00,100.00,100.00
1747128853.0639336,2025-05-13 09:34:13,100.00,100.00,100.00,100.00
1747128854.371877,2025-05-13 09:34:14,100.00,100.00,100.00,100.00
1747128855.6789064,2025-05-13 09:34:15,100.00,100.00,100.00,100.00
1747128856.9862795,2025-05-13 09:34:16,100.00,100.00,100.00,100.00
1747128858.2934172,2025-05-13 09:34:18,100.00,100.00,100.00,100.00
1747128859.5992668,2025-05-13 09:34:19,100.00,100.00,100.00,100.00
1747128860.9061556,2025-05-13 09:34:20,100.00,100.00,100.00,100.00
1747128862.2124157,2025-05-13 09:34:22,100.00,100.00,100.00,100.00
1747128863.517128,2025-05-13 09:34:23,100.00,100.00,100.00,100.00
1747128864.8225784,2025-05-13 09:34:24,98.70,100.00,100.00,100.00
1747128866.128822,2025-05-13 09:34:26,100.00,100.00,100.00,100.00
1747128867.4363143,2025-05-13 09:34:27,100.00,100.00,100.00,100.00
1747128868.74296,2025-05-13 09:34:28,100.00,100.00,100.00,100.00
1747128870.0497327,2025-05-13 09:34:30,98.80,100.00,100.00,100.00
1747128871.3580067,2025-05-13 09:34:31,100.00,100.00,100.00,100.00
1747128872.6656938,2025-05-13 09:34:32,100.00,100.00,100.00,100.00
1747128873.9728508,2025-05-13 09:34:33,100.00,100.00,100.00,100.00
1747128875.2798722,2025-05-13 09:34:35,98.70,100.00,100.00,100.00
1747128876.5876024,2025-05-13 09:34:36,100.00,100.00,100.00,100.00
1747128877.8966138,2025-05-13 09:34:37,100.00,100.00,98.80,100.00
1747128879.2024732,2025-05-13 09:34:39,100.00,100.00,100.00,100.00
1747128880.5110958,2025-05-13 09:34:40,100.00,100.00,100.00,100.00
1747128881.8194776,2025-05-13 09:34:41,98.70,100.00,100.00,100.00
1747128883.1276288,2025-05-13 09:34:43,100.00,100.00,100.00,100.00
1747128884.434312,2025-05-13 09:34:44,97.30,100.00,100.00,100.00
1747128885.7407594,2025-05-13 09:34:45,94.50,100.00,100.00,100.00
1747128887.0496743,2025-05-13 09:34:47,49.20,100.00,100.00,100.00
1747128888.3775275,2025-05-13 09:34:48,100.00,100.00,100.00,100.00
1747128889.70354,2025-05-13 09:34:49,100.00,100.00,100.00,100.00
1747128891.010689,2025-05-13 09:34:51,100.00,100.00,100.00,100.00
1747128892.3168256,2025-05-13 09:34:52,100.00,100.00,100.00,100.00
1747128893.6248486,2025-05-13 09:34:53,98.80,100.00,100.00,100.00
1747128894.9299624,2025-05-13 09:34:54,100.00,100.00,100.00,100.00
1747128896.237047,2025-05-13 09:34:56,100.00,100.00,100.00,100.00
1747128897.5415783,2025-05-13 09:34:57,100.00,100.00,100.00,100.00
1747128898.8491285,2025-05-13 09:34:58,100.00,100.00,100.00,100.00
1747128900.1545045,2025-05-13 09:35:00,100.00,100.00,100.00,100.00
1747128901.4626029,2025-05-13 09:35:01,100.00,100.00,100.00,100.00
1747128902.771042,2025-05-13 09:35:02,100.00,100.00,100.00,100.00
1747128904.0789056,2025-05-13 09:35:04,100.00,100.00,100.00,100.00
1747128905.3863838,2025-05-13 09:35:05,100.00,100.00,100.00,100.00
1747128906.695935,2025-05-13 09:35:06,100.00,100.00,100.00,100.00
1747128908.0027316,2025-05-13 09:35:08,98.80,100.00,100.00,100.00
1747128909.3101938,2025-05-13 09:35:09,98.80,100.00,100.00,100.00
1747128910.6162434,2025-05-13 09:35:10,100.00,100.00,100.00,100.00
1747128911.9217484,2025-05-13 09:35:11,100.00,100.00,100.00,100.00
1747128913.227397,2025-05-13 09:35:13,98.70,100.00,100.00,100.00
1747128914.5336294,2025-05-13 09:35:14,100.00,100.00,100.00,100.00
1747128915.8429093,2025-05-13 09:35:15,100.00,100.00,100.00,100.00
1747128917.1499922,2025-05-13 09:35:17,100.00,100.00,100.00,100.00
1747128918.4562066,2025-05-13 09:35:18,100.00,100.00,100.00,100.00
1747128919.7639365,2025-05-13 09:35:19,100.00,100.00,100.00,100.00
1747128921.069003,2025-05-13 09:35:21,98.70,100.00,100.00,100.00
1747128922.3759189,2025-05-13 09:35:22,98.70,100.00,100.00,100.00
1747128923.6826942,2025-05-13 09:35:23,98.80,100.00,100.00,100.00
1747128924.9886293,2025-05-13 09:35:24,98.70,100.00,100.00,100.00
1747128926.2942567,2025-05-13 09:35:26,100.00,100.00,100.00,100.00
1747128927.6009083,2025-05-13 09:35:27,100.00,100.00,100.00,100.00
1747128928.9105623,2025-05-13 09:35:28,100.00,100.00,100.00,100.00
1747128930.2159433,2025-05-13 09:35:30,100.00,100.00,100.00,100.00
1747128931.525606,2025-05-13 09:35:31,100.00,100.00,100.00,100.00
1747128932.830456,2025-05-13 09:35:32,100.00,100.00,100.00,100.00
1747128934.1368518,2025-05-13 09:35:34,100.00,100.00,100.00,100.00
1747128935.441772,2025-05-13 09:35:35,100.00,100.00,100.00,100.00
1747128936.7478845,2025-05-13 09:35:36,100.00,100.00,100.00,100.00
1747128938.0549147,2025-05-13 09:35:38,98.70,100.00,100.00,100.00
1747128939.359568,2025-05-13 09:35:39,98.80,100.00,100.00,100.00
1747128940.6677294,2025-05-13 09:35:40,100.00,100.00,100.00,100.00
1747128941.9728003,2025-05-13 09:35:41,100.00,100.00,100.00,100.00
1747128943.2779722,2025-05-13 09:35:43,100.00,100.00,100.00,100.00
1747128944.583732,2025-05-13 09:35:44,100.00,100.00,100.00,100.00
1747128945.890586,2025-05-13 09:35:45,98.70,100.00,100.00,100.00
1747128947.1987827,2025-05-13 09:35:47,97.30,100.00,100.00,100.00
1747128948.5056145,2025-05-13 09:35:48,100.00,100.00,100.00,100.00
1747128949.8128564,2025-05-13 09:35:49,100.00,100.00,98.80,100.00
1747128951.1189005,2025-05-13 09:35:51,97.40,100.00,100.00,100.00
1747128952.4262702,2025-05-13 09:35:52,86.80,100.00,100.00,100.00
1747128953.7309692,2025-05-13 09:35:53,100.00,100.00,100.00,100.00
1747128955.0387416,2025-05-13 09:35:55,100.00,100.00,100.00,100.00
1747128956.3443172,2025-05-13 09:35:56,100.00,100.00,100.00,100.00
1747128957.6527655,2025-05-13 09:35:57,91.30,100.00,100.00,100.00
1747128958.9629605,2025-05-13 09:35:58,88.10,100.00,100.00,100.00
1747128960.269659,2025-05-13 09:36:00,84.80,100.00,100.00,100.00
1747128961.5795045,2025-05-13 09:36:01,91.20,100.00,100.00,100.00
1747128962.8869784,2025-05-13 09:36:02,94.70,100.00,100.00,100.00
1747128964.1921518,2025-05-13 09:36:04,100.00,100.00,100.00,100.00
1747128965.5005693,2025-05-13 09:36:05,97.30,100.00,100.00,100.00
1747128966.808938,2025-05-13 09:36:06,100.00,100.00,100.00,100.00
1747128968.115819,2025-05-13 09:36:08,100.00,100.00,100.00,100.00
1747128969.4228926,2025-05-13 09:36:09,100.00,100.00,98.70,100.00
1747128970.7339444,2025-05-13 09:36:10,100.00,100.00,100.00,100.00
1747128972.0401797,2025-05-13 09:36:12,100.00,100.00,100.00,100.00
1747128973.345965,2025-05-13 09:36:13,100.00,100.00,100.00,100.00
1747128974.6532614,2025-05-13 09:36:14,100.00,100.00,100.00,100.00
1747128975.9598064,2025-05-13 09:36:15,100.00,100.00,100.00,100.00
1747128977.2689316,2025-05-13 09:36:17,98.80,100.00,100.00,100.00
1747128978.5760062,2025-05-13 09:36:18,100.00,100.00,100.00,100.00
1747128979.8843026,2025-05-13 09:36:19,98.70,100.00,100.00,100.00
1747128981.1930108,2025-05-13 09:36:21,100.00,100.00,100.00,100.00
1747128982.5025663,2025-05-13 09:36:22,98.70,100.00,100.00,100.00
1747128983.8109403,2025-05-13 09:36:23,92.40,100.00,100.00,100.00
1747128985.1166365,2025-05-13 09:36:25,81.70,100.00,100.00,100.00
1747128986.422549,2025-05-13 09:36:26,78.20,100.00,100.00,100.00
1747128987.7305577,2025-05-13 09:36:27,100.00,100.00,96.30,100.00
1747128989.0386004,2025-05-13 09:36:29,100.00,100.00,100.00,100.00
1747128990.3446753,2025-05-13 09:36:30,100.00,100.00,100.00,100.00
1747128991.65082,2025-05-13 09:36:31,100.00,100.00,100.00,100.00
1747128992.9608326,2025-05-13 09:36:32,100.00,100.00,100.00,100.00
1747128994.268916,2025-05-13 09:36:34,100.00,100.00,100.00,100.00
1747128995.5800865,2025-05-13 09:36:35,100.00,100.00,100.00,100.00
1747128996.8856514,2025-05-13 09:36:36,100.00,100.00,100.00,100.00
1747128998.1930332,2025-05-13 09:36:38,100.00,100.00,100.00,100.00
1747128999.502524,2025-05-13 09:36:39,100.00,100.00,100.00,100.00
1747129001.2084126,2025-05-13 09:36:41,100.00,100.00,100.00,100.00
1747129002.513779,2025-05-13 09:36:42,98.80,100.00,100.00,100.00
1747129003.8204434,2025-05-13 09:36:43,100.00,100.00,100.00,100.00
1747129005.130604,2025-05-13 09:36:45,97.30,100.00,100.00,100.00
1747129006.437532,2025-05-13 09:36:46,43.90,100.00,100.00,100.00
1747129007.766367,2025-05-13 09:36:47,100.00,100.00,100.00,100.00
1747129009.0908206,2025-05-13 09:36:49,100.00,100.00,100.00,100.00
1747129010.3967187,2025-05-13 09:36:50,100.00,100.00,100.00,100.00
1747129011.704439,2025-05-13 09:36:51,98.80,100.00,100.00,100.00
1747129013.0109746,2025-05-13 09:36:53,100.00,100.00,100.00,100.00
1747129014.3164172,2025-05-13 09:36:54,100.00,100.00,100.00,100.00
1747129015.6220045,2025-05-13 09:36:55,98.70,100.00,100.00,100.00
1747129016.928929,2025-05-13 09:36:56,100.00,100.00,100.00,100.00
1747129018.234532,2025-05-13 09:36:58,96.10,100.00,100.00,100.00
1747129019.5398262,2025-05-13 09:36:59,100.00,100.00,100.00,100.00
1747129020.845091,2025-05-13 09:37:00,100.00,100.00,100.00,100.00
1747129022.150574,2025-05-13 09:37:02,69.40,100.00,100.00,100.00
1747129023.4567075,2025-05-13 09:37:03,51.20,100.00,100.00,100.00
1747129024.7833424,2025-05-13 09:37:04,51.20,100.00,100.00,100.00
1747129026.089768,2025-05-13 09:37:06,46.20,100.00,100.00,100.00
1747129027.3957493,2025-05-13 09:37:07,14.80,100.00,100.00,100.00
1747129028.7025378,2025-05-13 09:37:08,10.00,100.00,100.00,100.00
1747129030.0096738,2025-05-13 09:37:10,3.70,100.00,100.00,100.00
1747129031.3170109,2025-05-13 09:37:11,5.40,100.00,100.00,100.00
1747129032.6232069,2025-05-13 09:37:12,3.60,100.00,100.00,100.00
1747129033.9289176,2025-05-13 09:37:13,5.40,100.00,100.00,100.00
1747129035.2353058,2025-05-13 09:37:15,10.50,100.00,100.00,100.00
1747129036.5415123,2025-05-13 09:37:16,7.10,100.00,100.00,100.00
1747129037.8488743,2025-05-13 09:37:17,100.00,100.00,100.00,100.00
1747129039.173713,2025-05-13 09:37:19,98.70,100.00,100.00,100.00
1747129040.4786818,2025-05-13 09:37:20,98.70,100.00,100.00,100.00
1747129041.7845194,2025-05-13 09:37:21,100.00,100.00,100.00,100.00
1747129043.090784,2025-05-13 09:37:23,100.00,100.00,100.00,100.00
1747129044.396264,2025-05-13 09:37:24,100.00,100.00,100.00,100.00
1747129045.7032046,2025-05-13 09:37:25,100.00,100.00,100.00,100.00
1747129047.0075285,2025-05-13 09:37:27,100.00,100.00,100.00,100.00
1747129048.3129125,2025-05-13 09:37:28,98.80,100.00,100.00,100.00
1747129049.619591,2025-05-13 09:37:29,97.30,100.00,100.00,100.00
1747129050.9255207,2025-05-13 09:37:30,98.70,100.00,100.00,100.00
1747129052.230661,2025-05-13 09:37:32,100.00,100.00,100.00,100.00
1747129053.5369003,2025-05-13 09:37:33,100.00,100.00,100.00,100.00
1747129054.8425932,2025-05-13 09:37:34,97.40,100.00,100.00,100.00
1747129056.1483796,2025-05-13 09:37:36,100.00,100.00,100.00,100.00
1747129057.4539354,2025-05-13 09:37:37,100.00,100.00,100.00,100.00
1747129058.7603772,2025-05-13 09:37:38,98.80,100.00,100.00,100.00
1747129060.0691504,2025-05-13 09:37:40,100.00,100.00,100.00,100.00
1747129061.3810186,2025-05-13 09:37:41,100.00,100.00,100.00,100.00
1747129062.6879792,2025-05-13 09:37:42,100.00,100.00,100.00,100.00
1747129063.9960299,2025-05-13 09:37:43,98.70,100.00,100.00,100.00
1747129065.3047838,2025-05-13 09:37:45,98.80,100.00,100.00,100.00
1747129066.6124167,2025-05-13 09:37:46,100.00,100.00,100.00,100.00
1747129067.9178615,2025-05-13 09:37:47,100.00,100.00,100.00,100.00
1747129069.2269812,2025-05-13 09:37:49,100.00,100.00,100.00,100.00
1747129070.5352829,2025-05-13 09:37:50,100.00,100.00,100.00,100.00
1747129071.8414035,2025-05-13 09:37:51,100.00,100.00,100.00,100.00
1747129073.1468394,2025-05-13 09:37:53,100.00,100.00,100.00,100.00
1747129074.4557123,2025-05-13 09:37:54,100.00,100.00,100.00,100.00
1747129075.7650025,2025-05-13 09:37:55,100.00,100.00,100.00,100.00
1747129077.0742838,2025-05-13 09:37:57,100.00,100.00,100.00,100.00
1747129078.3816664,2025-05-13 09:37:58,100.00,100.00,100.00,100.00
1747129079.6961033,2025-05-13 09:37:59,97.40,100.00,100.00,100.00
1747129081.0031426,2025-05-13 09:38:01,69.20,100.00,100.00,100.00
1747129082.3119993,2025-05-13 09:38:02,71.60,100.00,100.00,100.00
1747129083.6200838,2025-05-13 09:38:03,98.70,100.00,100.00,100.00
1747129084.927924,2025-05-13 09:38:04,97.30,100.00,100.00,100.00
1747129086.2347927,2025-05-13 09:38:06,94.30,100.00,100.00,100.00
1747129087.5403845,2025-05-13 09:38:07,100.00,100.00,100.00,100.00
1747129088.846048,2025-05-13 09:38:08,100.00,100.00,100.00,100.00
1747129090.153972,2025-05-13 09:38:10,100.00,100.00,100.00,100.00
1747129091.462843,2025-05-13 09:38:11,100.00,100.00,100.00,100.00
1747129092.77105,2025-05-13 09:38:12,98.80,100.00,100.00,100.00
1747129094.078052,2025-05-13 09:38:14,98.70,100.00,100.00,100.00
1747129095.384963,2025-05-13 09:38:15,100.00,100.00,100.00,100.00
1747129096.691697,2025-05-13 09:38:16,100.00,100.00,100.00,100.00
1747129097.9992325,2025-05-13 09:38:17,98.70,100.00,100.00,100.00
1747129099.3057132,2025-05-13 09:38:19,80.30,100.00,100.00,100.00
1747129100.6133747,2025-05-13 09:38:20,100.00,100.00,100.00,100.00
1747129101.9210346,2025-05-13 09:38:21,98.70,100.00,100.00,100.00
1747129103.2288601,2025-05-13 09:38:23,98.70,100.00,100.00,100.00
1747129104.5344145,2025-05-13 09:38:24,93.40,100.00,100.00,100.00
1747129105.8417091,2025-05-13 09:38:25,90.00,100.00,100.00,100.00
1747129107.1520736,2025-05-13 09:38:27,91.50,100.00,100.00,100.00
1747129108.4577813,2025-05-13 09:38:28,89.40,100.00,100.00,100.00
1747129109.7656286,2025-05-13 09:38:29,100.00,100.00,100.00,100.00
1747129111.0749264,2025-05-13 09:38:31,100.00,100.00,100.00,100.00
1747129112.3822508,2025-05-13 09:38:32,100.00,100.00,100.00,100.00
1747129113.689994,2025-05-13 09:38:33,84.60,100.00,100.00,100.00
1747129114.9981136,2025-05-13 09:38:34,86.60,100.00,100.00,100.00
1747129116.3060594,2025-05-13 09:38:36,83.10,100.00,100.00,100.00
1747129117.616661,2025-05-13 09:38:37,85.50,100.00,100.00,100.00
1747129118.9259055,2025-05-13 09:38:38,98.70,100.00,100.00,100.00
1747129120.233554,2025-05-13 09:38:40,83.60,100.00,100.00,100.00
1747129121.5418646,2025-05-13 09:38:41,84.20,100.00,100.00,100.00
1747129122.847619,2025-05-13 09:38:42,81.10,100.00,100.00,100.00
1747129124.156281,2025-05-13 09:38:44,83.00,100.00,100.00,100.00
1747129125.4614403,2025-05-13 09:38:45,83.90,100.00,100.00,100.00
1747129126.767084,2025-05-13 09:38:46,81.10,100.00,100.00,100.00
1747129128.0766656,2025-05-13 09:38:48,97.40,100.00,100.00,100.00
1747129129.38371,2025-05-13 09:38:49,97.40,100.00,100.00,100.00
1747129130.6919613,2025-05-13 09:38:50,97.40,100.00,100.00,100.00
1747129131.9967573,2025-05-13 09:38:51,98.80,100.00,100.00,100.00
1747129133.3036807,2025-05-13 09:38:53,100.00,100.00,100.00,100.00
1747129134.6109078,2025-05-13 09:38:54,95.90,100.00,100.00,100.00
1747129135.9155984,2025-05-13 09:38:55,100.00,100.00,100.00,100.00
1747129137.2205434,2025-05-13 09:38:57,84.80,100.00,100.00,100.00
1747129138.5275776,2025-05-13 09:38:58,69.00,100.00,100.00,100.00
1747129139.8329015,2025-05-13 09:38:59,69.60,100.00,100.00,100.00
1747129141.1396234,2025-05-13 09:39:01,70.20,100.00,100.00,100.00
1747129142.4449449,2025-05-13 09:39:02,70.70,100.00,100.00,100.00
1747129143.7510593,2025-05-13 09:39:03,68.50,100.00,100.00,100.00
1747129145.0575676,2025-05-13 09:39:05,79.40,100.00,100.00,100.00
1747129146.3631237,2025-05-13 09:39:06,63.50,100.00,100.00,100.00
1747129147.6695669,2025-05-13 09:39:07,91.20,100.00,100.00,100.00
1747129148.9756064,2025-05-13 09:39:08,100.00,100.00,100.00,100.00
1747129150.282878,2025-05-13 09:39:10,98.70,100.00,100.00,100.00
1747129151.5889313,2025-05-13 09:39:11,75.40,100.00,100.00,100.00
1747129152.8967445,2025-05-13 09:39:12,75.40,100.00,100.00,100.00
1747129154.204597,2025-05-13 09:39:14,78.00,100.00,100.00,100.00
1747129155.513254,2025-05-13 09:39:15,82.30,100.00,100.00,100.00
1747129156.8204741,2025-05-13 09:39:16,88.20,100.00,100.00,100.00
1747129158.12852,2025-05-13 09:39:18,41.70,100.00,100.00,100.00
1747129159.4559836,2025-05-13 09:39:19,94.30,100.00,100.00,100.00
1747129160.784029,2025-05-13 09:39:20,89.60,100.00,100.00,100.00
1747129162.0892463,2025-05-13 09:39:22,92.50,100.00,100.00,100.00
1747129163.397437,2025-05-13 09:39:23,92.10,100.00,100.00,100.00
1747129164.7036736,2025-05-13 09:39:24,92.30,100.00,100.00,100.00
1747129166.0109155,2025-05-13 09:39:26,92.30,100.00,100.00,100.00
1747129167.316563,2025-05-13 09:39:27,97.30,100.00,100.00,100.00
1747129168.6245196,2025-05-13 09:39:28,92.90,100.00,100.00,100.00
1747129169.9307516,2025-05-13 09:39:29,94.40,100.00,100.00,100.00
1747129171.2388675,2025-05-13 09:39:31,100.00,100.00,100.00,100.00
1747129172.544586,2025-05-13 09:39:32,100.00,100.00,100.00,100.00
1747129173.8495557,2025-05-13 09:39:33,98.80,100.00,100.00,100.00
1747129175.1545124,2025-05-13 09:39:35,100.00,100.00,100.00,100.00
1747129176.4601243,2025-05-13 09:39:36,100.00,100.00,100.00,100.00
1747129177.76755,2025-05-13 09:39:37,100.00,100.00,100.00,100.00
1747129179.0726936,2025-05-13 09:39:39,100.00,100.00,100.00,100.00
1747129180.3806434,2025-05-13 09:39:40,100.00,100.00,100.00,100.00
1747129181.6919982,2025-05-13 09:39:41,98.80,100.00,100.00,100.00
1747129183.0000336,2025-05-13 09:39:43,100.00,100.00,100.00,100.00
1747129184.305641,2025-05-13 09:39:44,98.70,100.00,100.00,100.00
1747129185.613823,2025-05-13 09:39:45,98.70,100.00,100.00,100.00
1747129186.9247148,2025-05-13 09:39:46,100.00,100.00,100.00,100.00
1747129188.2310116,2025-05-13 09:39:48,100.00,100.00,100.00,100.00
1747129189.5430114,2025-05-13 09:39:49,94.90,100.00,100.00,100.00
1747129190.8487208,2025-05-13 09:39:50,91.90,100.00,100.00,100.00
1747129192.154574,2025-05-13 09:39:52,100.00,100.00,100.00,100.00
1747129193.4599898,2025-05-13 09:39:53,100.00,100.00,100.00,100.00
1747129194.7689831,2025-05-13 09:39:54,100.00,100.00,100.00,100.00
1747129196.0759287,2025-05-13 09:39:56,100.00,100.00,100.00,100.00
1747129197.3816254,2025-05-13 09:39:57,71.40,100.00,100.00,100.00
1747129198.6870406,2025-05-13 09:39:58,3.40,100.00,100.00,100.00
1747129200.0091126,2025-05-13 09:40:00,3.40,100.00,100.00,100.00
1747129201.3157558,2025-05-13 09:40:01,5.30,100.00,100.00,100.00
1747129202.621487,2025-05-13 09:40:02,5.20,100.00,100.00,100.00
1747129203.926799,2025-05-13 09:40:03,1.80,100.00,100.00,100.00
1747129205.2335901,2025-05-13 09:40:05,8.60,100.00,100.00,100.00
1747129206.5397153,2025-05-13 09:40:06,8.30,100.00,100.00,100.00
1747129207.845692,2025-05-13 09:40:07,26.30,100.00,100.00,100.00
1747129209.152661,2025-05-13 09:40:09,39.50,100.00,100.00,100.00
1747129210.4584293,2025-05-13 09:40:10,28.20,100.00,100.00,100.00
1747129211.7638927,2025-05-13 09:40:11,30.80,100.00,100.00,100.00
1747129213.0692937,2025-05-13 09:40:13,31.70,100.00,100.00,100.00
1747129214.375413,2025-05-13 09:40:14,33.30,100.00,100.00,100.00
1747129215.6827273,2025-05-13 09:40:15,37.20,100.00,100.00,100.00
1747129216.9869542,2025-05-13 09:40:16,26.50,100.00,100.00,100.00
1747129218.29221,2025-05-13 09:40:18,10.80,100.00,100.00,100.00
1747129219.5971634,2025-05-13 09:40:19,6.80,100.00,100.00,100.00
1747129220.9028502,2025-05-13 09:40:20,9.30,100.00,100.00,100.00
1747129222.2080657,2025-05-13 09:40:22,5.50,100.00,100.00,100.00
1747129223.5131717,2025-05-13 09:40:23,9.60,100.00,100.00,100.00
1747129224.8183897,2025-05-13 09:40:24,10.70,100.00,100.00,100.00
1747129226.123359,2025-05-13 09:40:26,8.20,100.00,100.00,100.00
1747129227.4284763,2025-05-13 09:40:27,6.00,100.00,100.00,100.00
1747129228.7340603,2025-05-13 09:40:28,3.00,100.00,100.00,100.00
1747129230.039127,2025-05-13 09:40:30,7.10,100.00,100.00,100.00
1747129231.344295,2025-05-13 09:40:31,5.90,100.00,100.00,100.00
1747129232.6494339,2025-05-13 09:40:32,8.50,100.00,100.00,100.00
1747129233.9544346,2025-05-13 09:40:33,8.80,100.00,100.00,100.00
1747129235.2592115,2025-05-13 09:40:35,11.60,100.00,100.00,100.00
1747129236.5642796,2025-05-13 09:40:36,8.80,100.00,100.00,100.00
1747129237.870133,2025-05-13 09:40:37,5.60,100.00,100.00,100.00
1747129239.175852,2025-05-13 09:40:39,7.10,100.00,100.00,100.00
1747129240.480602,2025-05-13 09:40:40,9.70,100.00,100.00,100.00
1747129241.7868378,2025-05-13 09:40:41,4.30,100.00,100.00,100.00
1747129243.0920267,2025-05-13 09:40:43,9.90,100.00,100.00,100.00
1747129244.397509,2025-05-13 09:40:44,7.10,100.00,100.00,100.00
1747129245.702165,2025-05-13 09:40:45,17.60,100.00,100.00,100.00
1747129247.477863,2025-05-13 09:40:47,88.60,100.00,100.00,100.00
1747129248.783333,2025-05-13 09:40:48,100.00,100.00,100.00,100.00
1747129250.107848,2025-05-13 09:40:50,100.00,100.00,100.00,100.00
1747129251.4137967,2025-05-13 09:40:51,100.00,100.00,100.00,100.00
1747129252.7203515,2025-05-13 09:40:52,100.00,100.00,100.00,100.00
1747129254.0267696,2025-05-13 09:40:54,100.00,100.00,100.00,100.00
1747129255.3338244,2025-05-13 09:40:55,100.00,100.00,100.00,100.00
1747129256.6410372,2025-05-13 09:40:56,100.00,100.00,100.00,100.00
1747129257.947715,2025-05-13 09:40:57,93.20,100.00,100.00,100.00
1747129259.2535071,2025-05-13 09:40:59,100.00,100.00,100.00,100.00
1747129260.5608926,2025-05-13 09:41:00,97.40,100.00,100.00,100.00
1747129261.8679264,2025-05-13 09:41:01,100.00,100.00,100.00,100.00
1747129263.1735623,2025-05-13 09:41:03,94.70,100.00,100.00,100.00
1747129264.4797585,2025-05-13 09:41:04,93.30,100.00,100.00,100.00
1747129265.7868009,2025-05-13 09:41:05,100.00,100.00,100.00,100.00
1747129267.0965853,2025-05-13 09:41:07,72.50,100.00,100.00,100.00
1747129268.4009993,2025-05-13 09:41:08,7.50,100.00,100.00,100.00
1747129269.7241058,2025-05-13 09:41:09,5.80,100.00,100.00,100.00
1747129271.029627,2025-05-13 09:41:11,5.80,100.00,100.00,100.00
1747129272.335704,2025-05-13 09:41:12,7.50,100.00,100.00,100.00
1747129273.6414528,2025-05-13 09:41:13,3.90,100.00,100.00,100.00
1747129274.9467123,2025-05-13 09:41:14,11.30,100.00,100.00,100.00
1747129276.2546566,2025-05-13 09:41:16,7.80,100.00,100.00,100.00
1747129277.5618293,2025-05-13 09:41:17,97.50,100.00,100.00,100.00
1747129278.8956254,2025-05-13 09:41:18,100.00,100.00,100.00,100.00
1747129280.2075267,2025-05-13 09:41:20,100.00,100.00,100.00,100.00
1747129281.514467,2025-05-13 09:41:21,98.80,100.00,100.00,100.00
1747129282.820361,2025-05-13 09:41:22,100.00,100.00,100.00,100.00
1747129284.1267848,2025-05-13 09:41:24,100.00,100.00,100.00,100.00
1747129285.432662,2025-05-13 09:41:25,100.00,100.00,100.00,100.00
1747129286.7429488,2025-05-13 09:41:26,98.70,100.00,100.00,100.00
1747129288.0509558,2025-05-13 09:41:28,100.00,100.00,100.00,100.00
1747129289.3573673,2025-05-13 09:41:29,100.00,100.00,100.00,100.00
1747129290.666881,2025-05-13 09:41:30,97.40,100.00,100.00,100.00
1747129291.9777558,2025-05-13 09:41:31,100.00,100.00,100.00,100.00
1747129293.7414248,2025-05-13 09:41:33,100.00,100.00,100.00,100.00
1747129295.0458324,2025-05-13 09:41:35,100.00,100.00,100.00,100.00
1747129296.353793,2025-05-13 09:41:36,100.00,100.00,100.00,100.00
1747129297.6635704,2025-05-13 09:41:37,100.00,100.00,100.00,100.00
1747129298.9703875,2025-05-13 09:41:38,98.80,100.00,100.00,100.00
1747129300.2794273,2025-05-13 09:41:40,100.00,100.00,100.00,100.00
1747129301.5846336,2025-05-13 09:41:41,100.00,100.00,100.00,100.00
1747129302.8921916,2025-05-13 09:41:42,98.70,100.00,100.00,100.00
1747129304.1987495,2025-05-13 09:41:44,100.00,100.00,100.00,100.00
1747129305.5048077,2025-05-13 09:41:45,100.00,100.00,100.00,100.00
1747129306.8103695,2025-05-13 09:41:46,100.00,100.00,100.00,100.00
1747129308.1185875,2025-05-13 09:41:48,100.00,100.00,100.00,100.00
1747129309.4247541,2025-05-13 09:41:49,98.80,100.00,100.00,100.00
1747129310.730647,2025-05-13 09:41:50,100.00,100.00,100.00,100.00
1747129312.036483,2025-05-13 09:41:52,98.70,100.00,100.00,100.00
1747129313.3416107,2025-05-13 09:41:53,77.20,100.00,100.00,100.00
1747129314.6479578,2025-05-13 09:41:54,31.80,100.00,100.00,100.00
1747129315.975184,2025-05-13 09:41:55,32.60,100.00,100.00,100.00
1747129317.2810922,2025-05-13 09:41:57,12.30,100.00,100.00,100.00
1747129318.5860384,2025-05-13 09:41:58,7.40,100.00,100.00,100.00
1747129319.8916636,2025-05-13 09:41:59,8.60,100.00,100.00,100.00
1747129321.19706,2025-05-13 09:42:01,7.40,100.00,100.00,100.00
1747129322.5025177,2025-05-13 09:42:02,5.90,100.00,100.00,100.00
1747129323.8081396,2025-05-13 09:42:03,7.10,100.00,100.00,100.00
1747129325.1134942,2025-05-13 09:42:05,10.10,100.00,100.00,100.00
1747129326.4185658,2025-05-13 09:42:06,5.90,100.00,100.00,100.00
1747129327.7235143,2025-05-13 09:42:07,100.00,100.00,100.00,100.00
1747129329.0528657,2025-05-13 09:42:09,100.00,100.00,100.00,100.00
1747129330.3735456,2025-05-13 09:42:10,98.80,100.00,100.00,100.00
1747129331.6802099,2025-05-13 09:42:11,100.00,100.00,100.00,100.00
1747129332.9850056,2025-05-13 09:42:12,100.00,100.00,100.00,100.00
1747129334.2917833,2025-05-13 09:42:14,100.00,100.00,100.00,100.00
1747129335.5997922,2025-05-13 09:42:15,100.00,100.00,100.00,100.00
1747129336.9064016,2025-05-13 09:42:16,100.00,100.00,100.00,100.00
1747129338.2128868,2025-05-13 09:42:18,100.00,100.00,100.00,100.00
1747129339.5184765,2025-05-13 09:42:19,100.00,100.00,100.00,100.00
1747129340.8244708,2025-05-13 09:42:20,100.00,100.00,100.00,100.00
1747129342.1321077,2025-05-13 09:42:22,72.20,100.00,100.00,100.00
1747129343.4386978,2025-05-13 09:42:23,28.20,100.00,100.00,100.00
1747129344.765005,2025-05-13 09:42:24,28.20,100.00,100.00,100.00
1747129346.0753076,2025-05-13 09:42:26,34.10,100.00,100.00,100.00
1747129347.382779,2025-05-13 09:42:27,89.90,100.00,100.00,100.00
1747129348.6905863,2025-05-13 09:42:28,100.00,100.00,100.00,100.00
1747129350.0168765,2025-05-13 09:42:30,98.70,100.00,100.00,100.00
1747129351.3222718,2025-05-13 09:42:31,75.40,100.00,100.00,100.00
1747129352.6274815,2025-05-13 09:42:32,100.00,100.00,100.00,100.00
1747129353.9338527,2025-05-13 09:42:33,95.90,100.00,100.00,100.00
1747129355.239976,2025-05-13 09:42:35,98.70,100.00,100.00,100.00
1747129356.5455709,2025-05-13 09:42:36,100.00,100.00,100.00,100.00
1747129357.8528888,2025-05-13 09:42:37,75.00,100.00,100.00,100.00
1747129359.1588607,2025-05-13 09:42:39,12.80,100.00,100.00,100.00
1747129360.4859815,2025-05-13 09:42:40,19.00,100.00,100.00,100.00
1747129361.7948112,2025-05-13 09:42:41,14.60,100.00,100.00,100.00
1747129363.1018186,2025-05-13 09:42:43,17.50,100.00,100.00,100.00
1747129364.4075809,2025-05-13 09:42:44,25.60,100.00,100.00,100.00
1747129365.7151878,2025-05-13 09:42:45,27.90,100.00,100.00,100.00
1747129367.0215633,2025-05-13 09:42:47,12.80,100.00,100.00,100.00
1747129368.3277175,2025-05-13 09:42:48,1.70,100.00,100.00,100.00
1747129369.6342394,2025-05-13 09:42:49,6.30,100.00,100.00,100.00
1747129370.9405534,2025-05-13 09:42:50,11.30,100.00,100.00,100.00
1747129372.2467601,2025-05-13 09:42:52,11.50,100.00,100.00,100.00
1747129373.551993,2025-05-13 09:42:53,13.10,100.00,100.00,100.00
1747129374.8585114,2025-05-13 09:42:54,9.80,100.00,100.00,100.00
1747129376.1646457,2025-05-13 09:42:56,6.70,100.00,100.00,100.00
1747129377.4710016,2025-05-13 09:42:57,9.30,100.00,100.00,100.00
1747129378.7772694,2025-05-13 09:42:58,5.60,100.00,100.00,100.00
1747129380.0849848,2025-05-13 09:43:00,3.80,100.00,100.00,100.00
1747129381.3916032,2025-05-13 09:43:01,7.40,100.00,100.00,100.00
1747129382.6983109,2025-05-13 09:43:02,9.40,100.00,100.00,100.00
1747129384.005043,2025-05-13 09:43:04,9.10,100.00,100.00,100.00
1747129385.3125408,2025-05-13 09:43:05,5.80,100.00,100.00,100.00
1747129386.6231408,2025-05-13 09:43:06,5.60,100.00,100.00,100.00
1747129387.9309893,2025-05-13 09:43:07,100.00,100.00,100.00,100.00
1747129389.2599742,2025-05-13 09:43:09,100.00,100.00,100.00,100.00
1747129390.5706625,2025-05-13 09:43:10,98.80,100.00,100.00,100.00
1747129391.875897,2025-05-13 09:43:11,89.70,100.00,100.00,100.00
1747129395.3578498,2025-05-13 09:43:15,97.40,100.00,100.00,100.00
1747129396.662385,2025-05-13 09:43:16,97.30,100.00,100.00,100.00
1747129397.9671478,2025-05-13 09:43:17,62.20,100.00,100.00,100.00
1747129399.270259,2025-05-13 09:43:19,70.80,100.00,100.00,100.00
1747129400.5751736,2025-05-13 09:43:20,65.90,100.00,100.00,100.00
1747129401.8788397,2025-05-13 09:43:21,65.90,100.00,100.00,100.00
1747129403.1844165,2025-05-13 09:43:23,59.50,100.00,100.00,100.00
1747129404.5100768,2025-05-13 09:43:24,61.90,100.00,100.00,100.00
1747129405.8148985,2025-05-13 09:43:25,65.10,100.00,100.00,100.00
1747129407.1184502,2025-05-13 09:43:27,32.70,100.00,100.00,100.00
1747129408.4215627,2025-05-13 09:43:28,4.70,100.00,100.00,100.00
1747129409.7251942,2025-05-13 09:43:29,4.60,100.00,100.00,100.00
1747129411.0284753,2025-05-13 09:43:31,1.60,100.00,100.00,100.00
1747129412.3321285,2025-05-13 09:43:32,1.60,100.00,100.00,100.00
1747129413.6358438,2025-05-13 09:43:33,3.10,100.00,100.00,100.00
1747129414.9394493,2025-05-13 09:43:34,6.20,100.00,100.00,100.00
1747129416.243024,2025-05-13 09:43:36,9.00,100.00,100.00,100.00
1747129417.5471692,2025-05-13 09:43:37,51.20,100.00,100.00,100.00
1747129418.8518922,2025-05-13 09:43:38,50.00,100.00,100.00,100.00
1747129420.1570916,2025-05-13 09:43:40,43.20,100.00,100.00,100.00
1747129421.4618263,2025-05-13 09:43:41,50.00,100.00,100.00,100.00
1747129422.7657368,2025-05-13 09:43:42,40.50,100.00,100.00,100.00
1747129424.0698414,2025-05-13 09:43:44,51.30,100.00,100.00,100.00
1747129425.3741174,2025-05-13 09:43:45,46.20,100.00,100.00,100.00
1747129426.677037,2025-05-13 09:43:46,48.70,100.00,100.00,100.00
1747129427.982468,2025-05-13 09:43:47,100.00,76.60,70.50,82.10