#type       avg     std     min      p5     p10     p50     p67     p75     p80     p85     p90     p95     p99    p999   p9999      QPS   target       ts_start         ts_end
read      180.4   255.8    74.4   119.5   128.6   165.3   180.0   188.0   195.3   202.6   215.1   236.8   312.3  3389.8 10877.2   4956.2     5000  1746882757456  1746882762722
read      177.0    80.4    68.9   114.5   126.5   170.8   187.0   197.1   204.1   214.0   226.8   248.7   313.7  1069.3  3360.5  10030.8    10000  1746882764227  1746882769471
read      184.0    97.1    63.8   110.5   125.0   179.1   197.8   208.8   216.6   227.2   241.0   267.5   323.7   520.1  2964.1  15032.8    15000  1746882770976  1746882776177
read      192.6    99.2    63.8   104.7   119.5   187.0   208.5   221.2   230.9   243.8   262.4   290.2   355.9   924.8  3489.0  20013.6    20000  1746882777683  1746882782882
read      185.9    76.5    63.8   101.8   113.7   182.3   205.7   217.8   227.0   236.6   252.8   278.7   344.0   656.6  2371.3  24955.0    25000  1746882784387  1746882789587
read      197.1   308.5    63.8    99.0   110.0   185.9   211.4   224.3   233.2   245.6   262.3   290.3   367.0  2272.8 12558.0  29917.0    30000  1746882791093  1746882796295
read      194.5    79.2    63.8    98.0   109.2   192.6   220.8   234.2   245.6   258.9   276.3   305.0   367.2   525.4  2292.6  35017.8    35000  1746882797801  1746882803004
read      195.0   104.9    59.1    96.6   107.0   191.9   222.2   236.8   249.4   264.1   282.4   310.2   367.7   516.6  4817.3  39847.2    40000  1746882804509  1746882809709
read      200.1    96.3    59.1    96.6   106.9   194.7   227.9   245.9   259.8   275.6   295.4   325.4   393.7   905.1  2584.3  44916.8    45000  1746882811214  1746882816414
read      199.4    85.8    59.1    96.7   106.8   192.6   228.4   248.2   263.5   280.8   301.4   331.5   394.3   547.1  2385.9  50189.9    50000  1746882817919  1746882823122
read      206.0    95.8    63.8    96.6   106.8   197.6   236.2   259.5   275.5   293.4   315.1   346.5   425.2   711.5  1641.1  54877.0    55000  1746882824627  1746882829828
read      205.5    95.2    59.1    96.5   106.8   196.3   236.3   260.5   276.1   294.4   316.5   347.6   413.1   550.0  2489.9  59979.0    60000  1746882831333  1746882836536
read      209.2    94.1    59.1    95.5   105.9   198.0   242.5   268.1   285.0   304.1   327.0   361.3   431.8   660.0  2368.3  64927.6    65000  1746882838042  1746882843243
read      211.9   101.6    59.1    96.7   107.2   197.4   243.9   271.0   289.4   309.8   334.4   369.9   453.7   733.7  3032.8  69991.0    70000  1746882844750  1746882849951
read      207.7   109.6    59.1    94.6   104.7   192.2   237.6   265.7   284.4   305.4   330.1   365.9   446.1   733.4  3948.6  74973.7    75000  1746882851457  1746882856660
read      209.0   101.1    63.8    95.3   105.3   192.1   238.4   266.9   286.0   307.8   334.3   371.9   460.1   818.8  2162.9  79809.8    80000  1746882858165  1746882863367
read      207.7   104.0    59.1    94.1   104.1   190.9   236.5   265.8   285.3   307.7   334.2   371.1   446.9   695.5  2516.8  85008.0    85000  1746882864874  1746882870076
read      212.1    98.6    63.8    95.3   105.6   193.9   242.5   273.2   294.2   317.1   344.1   382.4   457.4   652.8  2065.6  89865.4    90000  1746882871582  1746882876785
read      212.0   104.5    59.1    94.4   104.7   194.3   241.6   271.5   292.8   316.4   344.3   383.4   460.8   651.7  2488.4  94779.2    95000  1746882878289  1746882883489
read      208.2   100.0    59.1    94.2   104.2   188.6   236.3   267.7   288.9   312.7   340.7   379.3   455.7   692.5  1893.0 100220.6   100000  1746882884994  1746882890195
read      213.0   105.4    59.1    95.6   106.4   193.3   242.6   273.2   294.8   318.6   346.8   387.4   463.7   647.7  2558.2 105127.2   105000  1746882891701  1746882896902
read      213.3   127.4    59.1    96.7   107.9   193.3   242.7   272.8   293.8   317.1   344.8   385.7   463.6   615.8  2374.4 110030.5   110000  1746882898406  1746882903607
read      227.0   112.8    59.1   100.8   113.7   207.6   259.3   289.8   311.4   335.6   364.7   404.2   491.5   722.6  3353.6 115182.1   115000  1746882905111  1746882910316
read      213.4   101.9    63.8    97.7   109.1   191.8   241.8   273.7   296.2   320.0   348.2   388.3   463.0   628.7  1971.9 120052.0   120000  1746882911821  1746882917024
read      240.4   112.7    63.8   107.6   122.7   219.7   274.0   304.7   325.9   350.3   380.8   427.1   538.0   902.1  2615.7 124806.6   125000  1746882918528  1746882923732
read      245.5   142.4    63.8   110.7   126.5   222.9   277.6   308.6   330.0   354.5   385.4   432.6   557.2  1054.5  5124.6 130186.0   130000  1746882925238  1746882930441
read      255.1   116.5    63.8   115.2   132.5   234.0   289.7   320.2   342.2   367.8   399.6   451.1   584.8   969.1  2288.7 134882.8   135000  1746882931946  1746882937149
read      309.3   158.2    63.8   136.4   159.7   286.7   345.0   380.9   407.5   440.6   485.7   555.9   720.4  1092.1  3236.0 139701.2   140000  1746882938655  1746882943857
read      290.4   136.2    63.8   133.8   154.5   269.4   326.1   358.8   382.4   410.0   447.2   504.2   655.9  1192.1  3283.1 145303.8   145000  1746882945363  1746882950564
read      285.4   123.6    63.8   135.9   156.5   266.8   322.5   354.5   377.1   403.1   436.8   490.1   594.0   841.9  2344.3 150078.0   150000  1746882952070  1746882957270
read      408.4   155.7    86.8   223.1   251.2   359.4   463.4   522.2   555.9   588.9   625.4   675.1   786.2  1087.1  3078.3 150844.5   155000  1746882958776  1746882963978
read      456.9   184.8    74.4   252.1   285.3   395.6   496.8   583.0   627.4   668.2   711.0   767.2   920.2  1476.3  3955.5 140778.6   160000  1746882965483  1746882970685
read      429.0   186.0    68.9   234.6   265.3   369.6   477.5   552.4   591.3   626.8   665.3   717.0   855.2  1255.2  4856.9 149162.6   165000  1746882972191  1746882977396
read      459.2   188.7    74.4   248.3   283.5   391.1   510.6   597.9   639.6   675.4   714.9   770.8   956.3  1460.1  3987.1 140404.0   170000  1746882978902  1746882984107
read      459.9   200.0    74.4   253.2   287.6   393.0   497.3   593.8   638.8   677.1   717.9   773.6   944.5  1497.9  4511.3 140222.6   175000  1746882985612  1746882990818
read      449.6   180.5    68.9   257.2   286.7   382.6   491.5   586.3   627.2   662.8   697.5   742.8   871.4  1317.7  3672.3 143494.8   180000  1746882992325  1746882997529
read      454.8   178.3    74.4   265.6   296.5   387.7   475.2   591.4   637.9   674.2   711.8   756.3   872.2  1267.4  4145.3 141929.0   185000  1746882999035  1746883004239
read      434.1   165.6    74.4   256.2   281.9   366.5   473.4   570.9   610.4   643.5   675.1   718.2   813.1  1084.1  3689.6 148633.2   190000  1746883005745  1746883010947
read      438.8   185.2    74.4   255.6   282.0   374.5   469.9   567.5   610.6   647.2   682.4   730.1   831.5  1129.9  4923.0 147084.7   195000  1746883012453  1746883017656
read      447.1   173.9    86.8   257.0   285.4   379.2   493.3   586.2   625.3   659.8   692.5   739.2   863.7  1194.5  3487.4 144285.6   200000  1746883019162  1746883024362
read      452.8   180.0    74.4   264.2   293.2   384.7   488.8   594.6   635.0   669.0   703.7   745.0   861.9  1231.3  4335.0 142592.3   205000  1746883025867  1746883031070
read      442.9   169.2    80.4   258.3   285.6   378.1   474.8   576.1   618.6   655.0   689.1   735.9   844.4  1104.4  3662.3 145712.9   210000  1746883032575  1746883037779
read      439.5   174.0    86.8   257.2   284.1   371.5   478.5   577.0   616.8   650.7   682.6   727.7   836.5  1160.5  3046.6 146849.2   215000  1746883039284  1746883044488
read      444.6   210.7    74.4   258.3   286.6   374.2   476.5   582.8   624.1   658.7   690.6   735.8   851.2  1196.3  6068.3 145182.8   220000  1746883045992  1746883051197
Warning! Detected max cpu usage > 95%
CPU Usage Stats (avg/min/max): 78.22%,34.67%,100.00%
