Random waveform, random seed
Total number of intervals = 100 (13302, 67910, 132730, 163297, 94613, 45526, 13626, 85520, 7165, 176436, 62962, 98023, 137454, 106359, 53082, 127298, 51045, 15173, 12177, 53416, 149630, 168484, 121131, 167835, 56369, 67728, 48363, 101971, 166714, 114770, 9835, 65950, 96756, 9915, 22208, 125311, 82489, 168248, 164527, 102668, 147975, 8250, 30318, 96439, 104281, 125350, 26966, 103909, 8209, 42147, 105035, 29419, 35977, 10333, 41445, 34515, 103368, 7926, 20017, 50004, 32621, 124757, 40751, 82490, 175871, 13905, 50031, 121136, 75179, 157517, 70246, 27456, 119014, 114583, 29106, 20726, 68943, 128727, 90452, 118393, 14863, 50530, 111049, 135143, 120980, 92705, 174292, 83616, 20726, 60891, 125635, 93081, 19728, 94140, 144182, 124855, 103057, 33016, 110561, 161182)
Average QPS expected = 81960
Timestamp start: 1747123931202
Timestamp end: 1747124931541

#type       avg     std     min      p5     p10     p50     p67     p75     p80     p85     p90     p95     p99    p999   p9999      QPS   target
read      198.4    76.5    80.4   125.0   140.6   194.5   213.4   224.1   231.6   241.3   254.0   274.4   322.0   783.5  3183.8  13211.8    13302
read      262.5   333.6    68.9   103.0   112.9   216.7   278.1   314.7   340.7   369.3   403.3   457.3   973.5  5711.2  8611.9  67950.1    67910
read      288.8   341.7    68.9   112.8   125.7   212.9   257.7   283.2   302.8   328.6   371.1   960.5  1591.5  3435.9  8267.9 132633.8   132730
read      226.4   154.5    68.9   119.2   132.7   205.7   242.8   265.4   282.0   302.2   329.1   371.3   490.6  2180.2  5491.4 163139.1   163297
read      242.3   248.7    68.9   104.5   114.6   197.4   257.6   296.2   325.4   361.0   404.3   470.2   639.3  3178.4  9596.0  94683.5    94613
read      230.5   140.7    74.4   105.6   116.6   217.1   264.2   289.7   307.0   326.1   349.5   384.7   463.9  1947.0  4517.2  45615.6    45526
read      201.0    67.0    74.4   122.6   138.8   196.8   218.0   230.1   238.5   249.8   264.4   287.1   336.4   644.9  2280.1  13629.7    13626
read      247.2   132.0    68.9   106.4   117.0   208.2   281.2   327.8   360.6   395.5   435.5   495.2   601.5   762.2  1586.7  85522.9    85520
read      185.0    50.1    74.4   130.0   140.7   180.6   196.8   206.0   213.3   221.6   233.0   252.3   299.8   395.4  1993.3   7154.5     7165
read      356.3   246.4    74.4   169.9   194.8   307.5   364.9   400.3   427.5   459.6   501.3   578.7  1504.8  2704.8  5090.1 176278.8   176436
read      234.1   144.5    68.9   104.4   114.6   212.9   268.5   299.0   319.9   344.5   375.3   422.6   530.1  1311.5  5379.1  63058.2    62962
read      258.5   186.0    68.9   110.2   121.6   207.2   268.3   312.1   349.3   398.1   465.8   568.3   787.5  1683.4  6191.5  98265.2    98023
read      225.9   148.4    68.9   114.6   127.4   202.4   244.0   269.3   288.4   311.2   340.6   387.4   509.0  1980.0  5536.6 137314.5   137454
read      218.0   136.0    68.9   107.7   118.0   192.2   238.6   267.2   287.9   311.8   341.6   386.7   502.1  1609.1  4221.4 106222.1   106359
read      254.8   207.2    74.4   105.3   116.0   228.4   289.5   324.3   348.8   376.1   407.7   455.9   582.7  2729.4  7492.3  53180.9    53082
read      298.3   326.9    74.4   115.0   128.9   220.3   271.7   302.1   325.1   355.5   402.5   887.5  1627.1  3096.0  7324.6 127292.6   127298
read      241.6   123.7    74.4   105.2   115.7   224.1   278.9   310.4   332.5   358.1   389.3   433.7   539.1  1041.3  3540.7  51137.5    51045
read      212.3    94.8    80.4   119.2   136.5   205.3   231.1   245.8   256.4   269.7   286.9   313.0   383.9  1106.3  3098.0  15166.2    15173
read      205.3    93.8    80.4   123.0   140.0   198.0   220.5   232.7   242.1   253.1   268.4   292.2   358.4  1207.7  3165.9  12154.4    12177
read      251.0   184.2    74.4   104.6   115.2   226.8   287.3   322.2   346.1   373.0   403.8   450.5   559.7  2411.1  6472.1  53406.9    53416
read      370.5   361.4    68.9   141.4   162.7   282.6   342.2   379.5   409.1   450.7   520.2  1302.6  1702.1  3490.4  7700.5 149587.9   149630
read      234.7   109.7    68.9   125.2   139.9   217.0   255.0   278.0   295.4   316.9   345.6   395.8   524.4  1040.9  3156.0 168585.4   168484
read      210.3   132.4    68.9   106.9   117.0   185.2   227.5   253.7   273.4   296.5   325.5   369.7   493.9  1490.7  3580.7 121148.4   121131
read      250.0   188.2    74.4   127.9   143.2   226.8   268.1   292.5   311.2   333.9   364.6   414.0   545.9  3023.0  7187.8 167859.5   167835
read      230.0   164.5    68.9   103.9   114.2   213.9   260.7   285.5   303.9   326.0   355.5   400.5   513.0  1585.4  7423.5  56432.3    56369
read      254.9   282.5    68.9   102.9   112.9   217.2   280.6   318.4   344.5   374.1   408.2   459.6   634.3  4959.4  8840.4  67721.4    67728
read      252.8   267.3    68.9   104.2   114.9   223.7   276.8   307.5   328.2   351.0   378.9   421.9   623.1  4425.5  7651.4  48447.9    48363
read      245.3   175.8    68.9   106.6   117.3   198.9   260.8   305.4   341.2   384.4   434.9   509.4   674.1  1516.4  6439.7 101915.9   101971
read      281.0   232.2    68.9   131.5   148.6   241.6   289.0   317.7   340.4   368.5   405.3   468.7  1407.8  3053.6  6391.1 166798.4   166714
read      209.9   154.3    68.9   105.2   115.0   183.8   227.9   255.0   274.9   298.0   326.5   368.6   466.9  2175.4  6110.5 114902.3   114770
read      188.3    89.2    74.4   123.0   137.8   181.3   198.7   209.0   216.2   225.5   235.9   255.7   316.8  1202.0  3276.3   9829.5     9835
read      255.5   287.7    68.9   102.3   112.3   218.4   280.1   316.9   342.4   370.8   403.5   455.2   680.8  5250.8  8105.9  65904.1    65950
read      269.4   302.3    68.9   107.1   118.1   209.2   281.5   334.5   372.3   412.4   459.0   532.8   983.5  4166.8 10956.8  96832.6    96756
read      191.2   115.3    80.4   122.5   138.0   183.4   201.5   212.1   219.0   228.7   240.3   261.6   318.5  1336.8  5591.8   9881.7     9915
read      217.4   139.4    74.4   110.2   123.7   209.2   239.8   256.3   268.4   282.2   299.2   327.5   422.5  1556.2  5789.1  22309.4    22208
read      310.6   379.3    68.9   112.0   125.0   217.7   265.4   292.5   314.0   342.9   400.0  1284.5  1674.2  3638.9  8082.4 125394.2   125311
read      245.8   244.7    68.9   103.4   113.3   204.1   268.5   306.8   334.9   368.0   408.2   466.8   636.8  2982.2  9417.2  82518.5    82489
read      309.5   270.3    68.9   141.8   161.4   265.7   315.2   344.7   367.8   395.7   433.2   502.5  1494.5  3282.6  7822.3 168100.3   168248
read      241.9   174.6    68.9   125.6   140.5   220.1   259.9   283.7   301.5   323.1   352.8   400.1   527.9  2145.6  7947.9 164424.8   164527
read      249.2   263.3    68.9   107.4   118.0   199.0   255.0   291.8   320.5   359.0   412.2   502.5   865.3  2911.3 10455.4 102638.1   102668
read      276.1   296.4    68.9   117.9   131.9   219.9   268.1   295.8   317.1   343.9   383.3   466.0  1544.8  3459.8  7615.8 148028.0   147975
read      188.1   101.2    80.4   127.0   139.7   180.7   197.3   207.2   214.5   223.3   234.0   253.4   311.2  1257.3  3435.6   8213.3     8250
read      229.0   136.7    68.9   107.5   119.7   217.0   256.3   276.9   291.5   308.5   329.7   363.5   509.7  1744.6  3604.3  30339.5    30318
read      260.3   242.2    68.9   107.5   118.5   208.9   279.6   329.7   364.6   401.5   445.7   513.1   740.4  3029.5  9180.8  96335.6    96439
read      254.6   192.2    68.9   107.8   118.8   201.6   263.6   309.9   349.2   397.8   456.6   544.2   779.1  2097.6  5370.4 104414.4   104281
read      219.7   181.5    68.9   108.4   118.8   189.2   232.1   258.7   278.1   301.4   331.2   376.7   638.0  2300.2  5961.1 125290.7   125350
read      219.7   114.1    74.4   109.6   122.1   211.7   244.6   262.6   274.9   290.9   310.9   341.0   427.0  1422.8  3803.9  27088.4    26966
read      253.1   250.3    68.9   108.2   118.9   199.9   255.9   292.8   322.2   363.1   423.0   527.6  1032.8  2959.4  8261.6 103793.2   103909
read      185.0    85.3    80.4   125.8   138.5   177.9   194.0   202.8   210.8   218.9   231.1   250.4   304.7  1176.3  3087.5   8228.8     8209
read      246.9   235.4    74.4   105.2   116.1   222.6   271.4   298.6   317.2   338.3   363.7   401.3   584.5  3669.6  7741.3  42035.7    42147
read      262.4   304.8    68.9   108.6   119.6   201.9   258.6   295.6   326.0   367.9   432.2   553.2  1265.6  3704.5 10198.1 104998.5   105035
read      229.3   145.4    74.4   109.4   121.7   216.2   253.9   274.0   288.5   304.9   325.4   359.3   506.0  2171.6  3910.3  29301.6    29419
read      239.7   181.3    74.4   106.8   118.3   220.8   265.9   290.2   307.0   325.5   348.7   387.2   639.8  2584.0  5701.5  35976.6    35977
read      192.4    88.2    74.4   122.8   138.5   185.0   204.0   215.0   223.0   232.2   245.1   266.0   319.5  1231.4  3803.6  10332.1    10333
read      247.2   218.5    74.4   105.7   117.0   223.0   271.9   299.1   317.6   338.7   364.4   403.1   672.2  3544.0  7607.1  41301.6    41445
read      235.9   157.3    74.4   107.1   118.9   219.5   263.3   286.5   302.6   320.3   343.5   378.4   584.2  2374.5  3656.5  34538.6    34515
read      256.7   272.2    68.9   107.8   118.5   200.5   257.5   295.6   327.3   369.4   430.4   534.8  1042.5  3293.2  9212.1 103220.7   103368
read      185.3    89.8    80.4   128.4   139.8   178.1   193.8   202.4   210.2   217.9   230.1   249.1   305.3  1213.8  3638.8   7939.4     7926
read      214.3   105.6    74.4   112.8   127.9   207.1   235.8   251.5   262.7   274.6   292.0   318.0   397.4  1330.5  3101.3  20013.7    20017
read      252.9   260.7    68.9   104.2   114.7   223.1   277.1   308.4   330.1   354.1   382.8   426.7   696.3  4192.6  7898.0  49999.5    50004
read      230.2   140.2    74.4   107.4   119.4   217.3   258.5   280.5   295.6   313.1   335.1   368.2   484.3  2146.8  3666.0  32565.6    32621
read      323.2   407.9    68.9   114.7   128.7   225.4   276.8   305.1   326.6   357.0   416.2  1312.7  1735.3  3823.3  7983.5 124880.1   124757
read      238.2   193.2    74.4   107.1   118.1   220.4   263.8   287.9   305.1   324.7   349.3   388.4   520.8  3163.1  7021.0  40845.5    40751
read      268.4   312.0    68.9   104.8   115.2   212.5   284.8   331.4   364.0   399.5   441.2   505.0  1038.9  4781.9  9180.8  82469.3    82490
read      389.7   344.0    74.4   165.4   191.3   320.7   379.0   413.3   438.8   471.9   528.2   848.4  1664.9  3572.4  8100.0 175851.6   175871
read      201.6   105.8    74.4   117.6   132.2   193.4   217.5   230.8   240.5   252.4   268.7   294.6   368.1  1236.3  3987.8  13944.0    13905
read      248.0   240.8    68.9   104.1   114.8   221.9   273.7   303.3   323.3   345.6   372.8   416.8   595.9  3968.6  7627.2  49912.2    50031
read      318.8   380.6    68.9   112.0   125.1   218.2   268.2   297.0   320.1   354.7   443.2  1295.3  1664.8  3490.2  7877.1 121123.8   121136
read      253.9   305.0    68.9   103.5   113.3   208.6   271.0   306.4   332.5   363.6   402.5   462.5   716.4  5290.2  8601.9  75307.7    75179
read      343.8   355.1    68.9   141.6   162.1   274.6   323.4   353.3   376.5   407.9   460.1   671.1  1646.5  4016.6  7928.3 157569.4   157517
read      248.4   235.4    68.9   103.0   112.8   213.5   274.7   310.6   337.0   367.5   403.8   457.5   609.7  3487.9  7910.0  70061.5    70246
read      227.9   103.7    74.4   108.4   121.4   219.7   258.8   279.2   293.9   311.4   333.3   366.8   451.0  1145.3  2965.8  27549.6    27456
read      305.0   355.5    68.9   111.5   124.0   214.7   264.2   292.9   315.7   346.5   413.4  1184.1  1644.4  3373.9  7666.1 119094.9   119014
read      205.7    98.9    68.9   104.7   114.6   182.6   227.9   255.8   275.4   297.2   323.8   364.3   469.4   859.3  2151.8 114647.6   114583
read      208.3    78.2    68.9   114.7   128.3   209.8   233.9   246.6   254.8   265.8   277.8   297.2   344.3   449.6  2466.4  29092.3    29106
read      206.6    68.1    74.4   123.5   140.0   206.5   227.3   237.7   246.2   254.6   267.7   286.5   323.2   393.5  2456.9  20718.3    20726
read      209.6    88.3    68.9   104.1   114.3   199.2   247.4   269.0   283.2   298.3   317.3   344.9   402.6   503.6  1841.7  68908.8    68943
read      202.5    97.5    68.9   106.9   117.0   182.0   222.6   248.7   268.3   290.4   316.8   354.5   429.2   643.6  2973.0 128516.6   128727
read      204.6    89.6    68.9   103.0   112.6   186.0   236.1   262.7   279.6   297.7   319.3   351.3   418.8   562.7  2269.0  90280.7    90452
read      201.5    85.6    68.9   105.0   114.8   181.3   224.7   251.7   271.1   292.6   317.7   353.6   425.2   578.3  1351.9 118340.8   118393
read      198.5    59.8    74.4   127.9   144.6   197.2   214.9   224.6   231.2   239.1   250.5   268.1   303.4   395.0  2004.7  14918.4    14863
read      210.6    80.7    68.9   107.3   118.1   210.1   246.9   263.8   274.5   287.9   303.6   326.8   373.1   461.6  2274.2  50500.5    50530
read      201.6    98.0    68.9   103.9   113.5   180.6   225.7   253.4   272.6   293.7   318.0   353.2   424.6   593.9  2473.3 111302.4   111049
read      204.2    89.7    63.8   108.8   119.2   184.8   224.4   249.4   268.1   289.8   316.1   354.7   432.5   668.8  2504.3 135091.5   135143
read      203.2    96.7    68.9   106.0   115.9   182.5   225.5   252.1   271.4   293.1   318.3   355.2   430.7   646.1  2627.3 120801.2   120980
read      204.5    89.9    68.9   103.2   112.7   185.2   235.1   262.4   279.8   298.7   320.7   353.7   419.9   547.3  2075.6  92676.8    92705
read      231.5    90.2    68.9   129.0   143.9   218.7   253.4   273.7   289.4   308.0   332.5   371.3   462.2   897.5  1693.8 174297.3   174292
read      205.3    93.0    68.9   102.8   112.4   187.5   238.9   264.8   281.2   298.6   319.1   349.7   413.7   536.0  2533.8  83514.1    83616
read      204.6    64.7    68.9   121.5   137.7   205.0   225.4   235.4   243.9   252.7   265.3   283.4   320.6   398.6  1996.9  20706.4    20726
read      210.9    89.1    68.9   104.8   115.2   204.7   248.8   268.5   281.5   295.5   313.9   340.8   397.7   509.6  2750.2  60811.6    60891
read      202.1    91.6    68.9   106.3   116.2   181.8   223.1   249.5   269.0   290.9   316.9   354.1   429.3   633.3  1682.5 125813.9   125635
read      204.8    95.8    68.9   103.2   112.8   185.0   235.0   262.5   280.1   299.1   321.3   355.1   422.1   562.6  2474.8  93139.8    93081
read      202.9    91.2    74.4   121.5   138.3   202.7   222.7   232.8   240.4   249.4   260.9   278.0   318.8   422.4  2123.8  19729.2    19728
read      203.5    91.2    68.9   102.9   112.4   183.7   233.3   260.8   278.4   297.4   319.6   352.7   421.5   565.5  2349.3  94256.4    94140
read      206.2    87.7    68.9   111.1   122.2   188.1   226.0   249.6   267.5   288.6   314.8   353.2   433.5   689.2  1508.2 144075.2   144182
read      202.1    86.0    63.8   106.3   116.3   182.2   223.8   250.0   269.2   290.9   316.6   353.4   427.7   635.9  1750.1 124778.5   124855
read      202.5    93.2    68.9   103.4   113.0   181.8   229.2   257.0   275.3   295.5   319.0   353.2   424.5   587.7  2332.6 102941.0   103057
read      209.2    71.0    68.9   112.8   125.5   211.5   237.5   250.8   260.1   270.5   284.3   304.9   347.8   464.5  2061.2  32952.5    33016
read      201.9    92.8    68.9   104.3   113.9   181.2   226.5   254.3   273.3   294.2   318.5   353.6   424.6   593.6  1713.4 110578.2   110561
read      215.4    91.9    68.9   118.2   131.0   199.8   234.7   256.6   272.7   292.5   317.6   357.3   445.4   834.7  2272.5 161111.9   161182

Total QPS = 81953.2 (81953176 / 1000.0s)

Total connections = 64
Misses = 0 (0.0%)
Skipped TXs = 0 (0.0%)

RX 20242435213 bytes :   19.3 MB/s
TX          0 bytes :    0.0 MB/s
Warning! Detected max cpu usage > 95%
CPU Usage Stats (avg/min/max): 99.84%,19.10%,100.00%
