Random waveform, supplied seed
Total number of intervals = 98 (8195, 158594, 149766, 10382, 170548, 150565, 137144, 143496, 144743, 116745, 129314, 144723, 117379, 119931, 132052, 143350, 143518, 172981, 94027, 170019, 179090, 47130, 19439, 128963, 23787, 61848, 101968, 108767, 97139, 158594, 141240, 41405, 57997, 133577, 53832, 139832, 170515, 128494, 20789, 63647, 64802, 55719, 174179, 106356, 178750, 105831, 110667, 8803, 45662, 30867, 45656, 100938, 132360, 67591, 33910, 85729, 12884, 45621, 36938, 56902, 102243, 14085, 94103, 58175, 151312, 83333, 165153, 123975, 28449, 14903, 31189, 40636, 80574, 168820, 162621, 101621, 58592, 153042, 112238, 160265, 57109, 88551, 8385, 34088, 113600, 131842, 112066, 72585, 133669, 11820, 12639, 118548, 165754, 86823, 16898, 123124, 72278, 47757)
Average QPS expected = 94373
Timestamp start: 1747300005184
Timestamp end: 1747300785518

#type       avg     std     min      p5     p10     p50     p67     p75     p80     p85     p90     p95     p99    p999   p9999      QPS   target
read      230.1   197.6    86.8   133.6   148.4   207.7   231.6   246.3   257.4   272.5   295.5   348.5   706.9  2653.4  7858.5   8145.1     8195
read      329.2   414.7    68.9   138.2   157.7   257.7   304.4   334.5   359.9   394.9   451.9   583.5  2521.6  4529.2  9655.5 158267.5   158594
read      253.8   167.0    68.9   120.9   136.0   220.9   266.3   294.2   316.3   344.8   389.1   480.7   779.6  2032.9  3982.8 149803.0   149766
read      221.6   137.0    80.4   127.6   142.6   206.2   230.8   245.4   256.1   271.0   292.9   340.3   562.6  1783.9  7164.5  10414.9    10382
read      367.6   356.4    74.4   163.5   188.1   295.5   348.4   384.7   414.5   455.9   524.5   742.1  1640.7  4215.8  8846.0 170341.9   170548
read      265.5   185.1    68.9   125.2   141.5   232.1   278.0   306.4   328.8   359.0   404.5   500.1   810.6  1987.4  5821.7 150553.1   150565
read      246.1   192.7    68.9   115.2   128.8   211.2   258.1   286.9   308.8   336.2   375.5   463.5   768.5  2317.7  7035.8 136681.4   137144
read      253.0   179.7    68.9   118.3   132.6   217.5   264.0   292.5   315.0   344.0   389.4   486.0   811.1  2367.5  4689.5 143578.8   143496
read      249.4   175.3    68.9   118.9   133.1   216.9   262.5   290.5   312.3   340.0   380.9   467.3   730.0  2316.8  5771.5 145002.6   144743
read      240.8   174.6    68.9   111.1   123.0   205.6   256.2   286.0   307.5   334.0   370.9   458.2   787.7  1868.1  4947.2 116965.9   116745
read      241.0   172.5    68.9   113.3   126.3   207.8   255.6   284.6   306.0   332.4   369.7   450.9   737.4  2059.7  4743.9 129515.6   129314
read      252.9   205.2    68.9   118.9   133.4   218.8   264.8   292.6   314.4   342.2   384.3   470.2   758.5  2753.2  7489.6 144917.5   144723
read      241.1   159.8    68.9   110.2   121.8   204.0   255.1   285.5   307.7   335.2   374.5   477.7   850.9  1718.7  2937.0 117277.8   117379
read      247.3   182.0    68.9   110.9   123.0   207.3   258.7   289.3   312.0   340.4   383.8   491.5   934.2  2076.1  4325.7 119793.6   119931
read      268.4   242.7    68.9   115.3   129.4   217.3   267.0   297.4   321.4   354.4   407.9   554.4  1296.9  2699.7  7190.7 132020.0   132052
read      245.9   175.6    68.9   116.5   130.4   213.8   259.8   288.0   309.7   337.3   376.8   462.6   720.7  1917.8  6509.9 143610.6   143350
read      249.1   176.8    68.9   117.1   131.3   215.6   261.9   290.4   312.4   340.4   382.7   471.3   754.4  2324.2  4879.4 143320.6   143518
read      287.4   182.8    74.4   140.4   159.9   258.3   304.8   333.7   356.8   387.2   430.4   508.8   765.7  2153.5  6734.8 172866.0   172981
read      228.3   141.4    68.9   106.3   116.9   201.3   254.7   282.4   301.3   323.5   354.6   417.1   619.4  1466.4  4245.0  93711.9    94027
read      279.9   176.2    68.9   136.4   154.5   250.9   296.8   325.6   348.1   378.4   422.9   502.2   735.9  2274.4  5509.0 169812.2   170019
read      297.7   179.1    68.9   144.1   164.0   269.8   321.3   353.3   377.6   408.1   450.7   522.7   731.4  2024.8  6307.4 179099.1   179090
read      242.9   200.0    68.9   104.4   115.3   224.9   272.1   297.0   314.6   334.7   359.9   400.1   622.6  2717.9  7418.9  47149.9    47130
read      214.8   119.5    74.4   111.4   125.6   209.0   234.3   248.4   258.1   269.8   285.4   311.1   451.0  1751.2  2963.3  19401.0    19439
read      293.1   379.7    68.9   108.9   121.0   208.3   257.7   286.5   308.0   335.1   377.2   946.0  1699.7  4047.2  7920.4 128973.9   128963
read      221.9   145.4    74.4   109.0   121.5   212.4   240.9   256.5   268.0   281.2   297.3   328.6   586.2  1930.5  4393.7  23806.1    23787
read      262.1   342.5    68.9   102.1   112.4   226.7   282.8   313.7   335.4   360.1   390.7   440.9   935.2  6398.3 11384.5  61892.9    61848
read      230.3   238.0    68.9   102.8   112.7   188.4   242.6   273.4   294.6   319.0   353.3   428.2   846.5  2494.3  9390.1 101947.5   101968
read      207.3   131.8    68.9   103.0   112.7   181.6   229.4   258.1   277.8   299.6   325.4   364.4   497.5  1237.0  3587.9 108750.5   108767
read      209.3   104.0    68.9   103.1   112.7   184.7   236.8   266.1   285.4   306.7   332.4   371.0   494.6   880.3  2403.1  97287.2    97139
read      227.7   162.6    68.9   116.6   130.1   205.5   245.7   269.6   287.1   307.9   334.7   376.8   502.4  2555.1  6217.9 158547.8   158594
read      216.8   160.6    68.9   109.6   120.8   190.6   232.0   257.6   276.0   297.4   324.4   365.9   498.4  2441.6  4915.4 141327.1   141240
read      249.7   301.8    68.9   105.1   116.0   224.2   268.2   291.8   308.1   326.1   348.3   385.9   680.1  5301.2  8066.3  41364.9    41405
read      263.3   344.5    68.9   103.3   113.7   228.6   283.4   313.7   334.8   358.8   388.1   434.8   918.0  6506.0 10707.4  57989.9    57997
read      279.0   357.9    68.9   111.7   124.8   211.2   260.1   287.7   307.9   332.6   367.5   461.2  1709.6  3718.1  8072.5 133501.2   133577
read      253.9   296.2    68.9   103.9   114.3   225.9   275.8   303.5   322.7   345.2   372.6   417.3   761.2  5107.5  8585.6  53893.8    53832
read      289.9   365.2    68.9   114.3   128.5   219.8   270.6   299.0   319.5   345.4   384.3   496.6  1690.1  3747.1  7933.6 139848.8   139832
read      236.9   169.0    68.9   122.9   138.2   218.1   257.5   280.4   296.8   317.1   343.2   386.3   494.8  2271.3  6313.7 170351.2   170515
read      214.5   161.8    68.9   106.1   116.7   185.3   228.9   255.9   275.5   297.8   325.1   366.4   547.5  2111.1  4968.7 128776.6   128494
read      218.3   138.3    68.9   110.9   124.5   210.7   237.7   252.5   263.1   274.3   290.8   316.2   474.7  1876.3  4806.1  20875.4    20789
read      265.3   351.8    74.4   103.1   113.4   227.0   284.7   316.2   338.6   363.9   394.9   446.0  1000.1  6113.0 10908.6  63545.5    63647
read      269.5   360.6    68.9   103.0   113.5   229.0   287.1   319.0   342.0   368.1   399.9   455.7  1159.6  5832.1 11935.9  64796.0    64802
read      262.2   348.3    68.9   103.5   114.0   228.5   281.6   310.8   331.1   353.9   381.2   426.5   822.5  6471.0  9985.3  55717.9    55719
read      325.5   315.3    68.9   146.3   167.8   282.6   333.0   362.6   384.8   412.0   449.8   515.5  1511.5  3720.9  8035.3 173902.0   174179
read      208.5   129.7    68.9   103.4   113.2   182.6   231.2   260.6   280.6   302.3   328.1   366.4   491.7  1112.9  5175.3 106496.5   106356
read      265.3   180.4    68.9   130.5   147.6   241.5   289.3   317.2   338.6   364.6   398.0   451.6   576.7  2196.9  6884.5 178832.0   178750
read      208.6   132.5    68.9   103.4   113.2   182.5   231.2   260.3   280.0   301.8   327.5   365.9   487.6  1409.7  5654.5 105855.2   105831
read      218.6   165.6    68.9   103.7   113.8   184.5   232.9   263.1   284.4   308.4   338.7   394.6   739.1  1576.0  5843.9 110941.0   110667
read      189.9    85.5    80.4   125.4   138.7   183.6   200.9   211.3   218.0   227.2   237.1   256.0   341.6  1174.7  2560.3   8859.5     8803
read      258.3   343.9    68.9   104.8   115.8   228.1   276.6   302.2   319.4   339.3   364.3   401.9   736.1  6684.2  8691.3  45562.2    45662
read      236.9   206.5    68.9   106.9   118.6   221.8   259.0   278.0   291.1   306.2   324.6   357.3   686.5  3083.5  7699.1  30886.6    30867
read      250.7   297.9    68.9   104.2   114.8   225.8   273.8   299.0   316.1   335.6   359.4   395.6   629.7  5715.4  7882.8  45704.9    45656
read      239.4   255.5    68.9   104.2   114.5   193.7   248.9   280.7   303.1   330.4   370.5   466.6   915.0  3233.8  9753.8 100935.0   100938
read      208.7   172.8    68.9   105.2   115.6   182.4   224.5   250.9   270.4   292.6   318.9   357.9   460.1  2381.6  8035.8 132539.4   132360
read      216.3   124.8    68.9   102.6   112.0   201.3   251.6   274.8   290.6   308.7   331.3   367.5   465.0  1644.6  3929.3  67266.6    67591
read      247.1   261.7    74.4   106.8   118.2   222.4   262.9   283.6   297.4   314.1   335.5   371.2   999.5  3987.9  7701.8  33894.4    33910
read      234.3   269.2    68.9   103.5   113.4   195.8   252.3   281.5   301.3   324.3   355.7   413.5   758.3  3212.9 10189.9  85713.1    85729
read      208.2   131.9    74.4   118.5   136.3   198.6   220.2   231.6   240.0   250.6   265.4   290.0   472.1  1834.6  4243.0  12897.1    12884
read      263.8   335.7    68.9   105.6   116.7   234.5   286.5   313.7   332.5   353.4   378.6   420.9   693.6  6782.5  9193.8  45675.1    45621
read      257.3   304.3    74.4   106.9   118.6   231.9   277.6   301.0   316.7   335.2   358.3   395.2   756.8  5978.3  7852.1  36954.5    36938
read      270.9   350.4    68.9   104.4   115.0   235.3   293.7   325.7   348.1   373.5   404.3   457.3   845.8  6641.2 10520.0  56866.4    56902
read      250.4   288.0    68.9   105.4   116.1   196.9   251.2   282.9   305.6   333.2   372.6   481.3  1281.8  3716.1  8071.8 102415.9   102243
read      204.8   136.6    74.4   116.3   131.1   193.2   215.8   227.8   235.5   246.9   261.3   287.5   563.5  1892.9  4027.9  14112.4    14085
read      277.1   395.4    68.9   105.8   116.9   205.8   263.7   296.1   321.0   356.3   419.4   574.8  1541.8  6351.1 11580.5  94072.4    94103
read      267.0   323.3    68.9   104.2   114.7   231.2   288.6   320.5   343.8   370.3   402.4   458.4   918.1  4879.8 11540.4  58178.6    58175
read      276.9   347.4    68.9   118.0   132.6   222.5   269.2   295.5   315.1   339.0   371.2   433.3  1649.1  3827.0  8084.8 151279.5   151312
read      209.8   117.9    68.9   102.9   112.4   187.9   241.4   268.6   286.1   305.3   328.2   362.8   447.9   997.2  3738.8  83215.2    83333
read      261.7   193.3    68.9   123.9   139.7   230.1   278.8   309.2   333.0   363.3   404.4   474.0   635.8  2962.0  6381.0 165305.1   165153
read      209.2   131.3    68.9   104.6   114.9   182.8   226.5   253.7   273.6   295.9   322.6   364.0   506.3  1721.2  3332.4 124033.4   123975
read      235.8   182.7    74.4   108.7   120.8   222.4   259.0   278.7   292.3   308.5   328.9   362.8   545.4  2847.3  7110.2  28520.2    28449
read      213.1   153.7    74.4   115.5   131.9   203.1   227.7   240.9   250.9   262.9   277.2   302.0   424.3  2266.9  7288.0  14861.6    14903
read      243.7   214.9    74.4   108.0   120.0   226.4   266.8   287.8   302.2   318.6   340.2   374.0   643.1  3457.7  7654.2  31141.8    31189
read      253.2   305.9    74.4   106.2   117.3   225.2   270.2   293.5   309.5   327.5   350.9   392.7   870.0  5657.4  9058.1  40834.8    40636
read      274.8   301.8    68.9   105.6   116.7   225.2   297.6   342.2   373.3   408.0   452.0   516.6   861.4  4906.2  9293.1  80502.6    80574
read      303.9   304.6    68.9   139.3   158.8   262.4   309.6   338.0   360.5   389.2   429.7   504.5  1374.6  3959.4  9703.0 168924.0   168820
read      258.7   231.7    68.9   125.7   141.8   230.9   274.4   299.7   318.5   342.1   373.8   429.8   624.0  3418.3  8015.3 162621.2   162621
read      211.1   129.0    68.9   103.2   113.1   183.9   234.3   264.1   284.2   306.3   333.3   373.1   529.9  1204.6  5161.0 101722.4   101621
read      267.3   315.2    68.9   104.1   114.7   232.7   291.2   323.5   346.7   373.1   404.4   459.4   855.2  4887.2 10005.6  58466.5    58592
read      253.7   243.3    68.9   116.7   131.0   215.0   259.4   285.0   303.9   327.2   360.7   427.1  1343.9  3369.4  7353.8 152930.0   153042
read      215.9   190.2    68.9   103.6   113.6   183.9   232.0   261.8   282.7   306.3   335.3   380.2   549.0  2664.4  8289.3 112218.8   112238
read      239.6   176.0    68.9   119.8   134.5   216.7   259.2   284.1   302.4   324.6   355.0   404.3   549.2  2227.1  7400.0 160217.1   160265
read      251.6   237.7    68.9   104.1   114.4   228.1   281.2   310.8   332.7   358.7   391.0   441.4   595.4  3116.6  8109.7  57052.8    57109
read      225.7   173.3    68.9   103.8   113.7   193.2   249.1   279.4   299.9   322.9   353.6   406.7   614.2  2270.1  6590.8  88427.9    88551
read      192.4    74.7    80.4   126.9   140.4   186.8   205.2   215.5   223.1   231.7   243.9   264.4   327.1  1054.6  3013.7   8421.4     8385
read      238.8   133.4    74.4   108.2   119.9   229.1   273.5   296.0   311.5   329.0   350.7   385.4   492.3  1685.5  3461.6  34031.8    34088
read      246.9   229.8    68.9   105.5   116.4   194.6   246.9   279.5   303.9   334.3   379.7   516.0  1195.1  2676.7  7284.2 113507.8   113600
read      225.4   241.4    68.9   106.7   117.9   189.0   232.7   260.6   280.3   303.5   332.9   379.5   747.9  3268.4  7939.5 131851.4   131842
read      212.0   204.3    68.9   102.9   112.8   181.4   227.9   256.7   276.6   298.8   325.2   364.3   488.7  2908.8  9064.0 112186.6   112066
read      211.4   114.8    68.9   103.1   112.6   193.5   247.3   272.5   288.4   305.6   325.9   357.1   433.3  1075.1  3323.2  72517.6    72585
read      212.1   166.8    68.9   107.2   118.1   186.0   227.7   254.4   274.1   296.3   323.0   363.3   465.1  2670.2  5950.6 133709.5   133669
read      209.2   194.9    80.4   124.6   140.3   197.8   217.7   229.0   236.2   247.2   260.5   283.0   414.7  2481.3  8093.0  11819.8    11820
read      190.8    99.6    80.4   121.9   136.6   187.9   205.4   214.8   221.5   229.9   240.3   258.0   309.8   546.6  5238.4  12668.4    12639
read      200.3    95.9    68.9   103.6   113.5   179.4   223.5   251.9   271.8   293.0   316.5   347.8   413.1   576.0  2454.3 118368.5   118548
read      216.2    92.5    68.9   118.3   131.5   200.9   236.9   259.4   275.2   294.7   319.2   357.2   438.1   754.0  1831.4 165916.4   165754
read      202.6    89.1    63.8   101.5   110.9   184.7   237.7   263.9   279.7   295.8   315.0   341.6   396.6   527.8  2014.3  86809.5    86823
read      190.9    75.8    68.9   117.5   131.1   191.1   210.0   219.2   226.4   233.6   244.7   261.5   304.3   447.3  2583.8  16950.6    16898
read      198.7    91.7    63.8   103.3   113.2   178.1   220.9   248.5   268.7   290.4   314.1   345.0   408.7   580.7  2252.9 122854.4   123124
read      205.3    87.4    63.8   102.2   112.0   192.5   244.2   267.0   281.0   295.3   312.6   337.3   390.4   516.5  2121.5  72205.0    72278
read      208.4    75.2    68.9   106.3   116.9   210.9   246.7   262.1   271.9   283.6   296.5   317.4   364.5   467.3  1381.5  23921.1    47757

Total QPS = 94605.3 (73792160 / 780.0s)

Total connections = 64
Misses = 0 (0.0%)
Skipped TXs = 0 (0.0%)

RX 18226662532 bytes :   22.3 MB/s
TX          0 bytes :    0.0 MB/s
Warning! Detected max cpu usage > 95%
CPU Usage Stats (avg/min/max): 99.83%,32.83%,100.00%
