#type       avg     std     min      p5     p10     p50     p67     p75     p80     p85     p90     p95     p99    p999   p9999      QPS   target       ts_start         ts_end
read      224.0   159.1   118.1   154.8   163.3   205.7   226.4   237.3   246.6   256.5   271.0   295.7   526.3  2511.6  5999.7  30028.9    30000  1745443292200  1745443302387
read      232.2   203.6   118.1   156.7   164.4   206.7   227.5   239.0   248.4   259.5   274.3   308.4   790.5  2708.0  6398.8  30029.6    30005  1745443303902  1745443314034
read      228.2   198.0   118.1   154.3   162.6   204.7   224.8   235.0   244.0   253.5   268.5   295.7   764.8  2668.7  6244.2  30034.0    30010  1745443315547  1745443325651
read      226.6   191.0   118.1   154.3   162.3   203.3   223.9   234.6   243.7   253.5   268.4   294.2   742.6  2611.7  6199.5  30054.8    30015  1745443327163  1745443337265
read      229.7   204.4   118.1   155.7   163.6   204.5   224.8   235.3   244.7   254.4   270.1   299.4   786.0  2738.9  6310.8  30017.3    30020  1745443338776  1745443348893
read      229.6   213.5   118.1   154.2   162.5   204.0   224.3   234.8   244.0   253.7   268.9   296.2   814.6  3059.9  6372.8  30071.3    30025  1745443350411  1745443360532
read      231.2   193.4   118.1   157.5   165.2   208.5   228.8   240.0   248.8   259.0   272.7   300.5   727.0  2677.9  6293.3  29883.0    30030  1745443362045  1745443372149
read      226.1   194.3   118.1   153.4   161.6   202.7   223.3   234.0   242.9   252.7   267.7   294.4   739.8  2635.7  6364.8  30058.5    30035  1745443373662  1745443383764
read      225.4   204.0   118.1   153.1   161.2   201.0   220.9   231.8   240.0   250.4   265.0   291.7   748.9  2748.2  6309.8  29971.4    30040  1745443385277  1745443395383
read      226.8   192.6   118.1   155.9   163.6   203.9   223.9   234.5   243.5   253.2   268.1   294.2   692.9  2673.4  6314.5  29929.6    30045  1745443396895  1745443407000
read      227.8   203.9   118.1   154.8   162.8   203.3   223.3   233.9   242.7   252.6   267.6   294.6   766.5  2767.0  6297.5  30146.3    30050  1745443408516  1745443418621
read      230.1   204.7   118.1   155.9   163.7   204.8   224.7   235.2   244.6   254.4   270.0   297.7   825.8  2768.2  6261.5  30192.7    30055  1745443420134  1745443430237
read      229.8   191.7   118.1   157.5   164.8   206.9   227.1   237.8   246.9   256.7   271.4   298.7   698.1  2669.4  6240.8  30097.6    30060  1745443431751  1745443441860
read      228.5   196.8   118.1   155.7   163.6   205.4   225.5   236.0   245.4   254.9   270.0   296.7   716.3  2633.9  6306.9  30046.0    30065  1745443443374  1745443453478
read      219.0    83.2   118.1   162.2   170.1   212.9   231.2   241.3   248.8   257.0   269.0   287.8   338.0   799.1  3485.8  30076.0    30070  1745443454992  1745443465096
read      216.1    79.1   118.1   159.7   167.3   209.7   228.2   237.8   246.1   254.4   267.3   286.7   339.2   666.5  3743.2  30054.7    30075  1745443466609  1745443476712
read      219.6    83.5   118.1   162.9   171.0   213.1   231.3   241.5   248.9   257.3   269.6   289.1   343.1   764.9  3748.5  30153.8    30080  1745443478224  1745443488327
read      218.2    88.6   118.1   162.2   170.0   211.8   229.9   239.7   247.3   255.0   267.5   285.8   335.5   805.3  4109.8  30124.5    30085  1745443489840  1745443499943
read      219.1    90.2   118.1   161.9   169.7   212.3   230.6   240.7   248.4   256.8   269.1   288.7   344.4   927.7  4157.0  30116.0    30090  1745443501456  1745443511559
read      218.7    80.8   118.1   162.9   171.0   212.8   230.6   240.5   248.0   255.9   268.0   286.2   335.0   715.0  4114.2  30168.7    30095  1745443513073  1745443523182
read      218.8    89.5   118.1   161.9   169.5   212.0   230.5   240.6   248.3   256.5   268.8   287.9   343.1   791.1  4260.8  30128.1    30100  1745443524695  1745443534795
read      218.2    79.3   127.6   162.2   170.0   212.1   230.3   240.2   247.9   255.9   268.3   286.8   335.1   658.7  3429.8  30122.4    30105  1745443536308  1745443546413
read      217.7    82.7   118.1   161.7   169.1   211.1   229.4   239.2   247.1   254.9   267.8   287.1   343.0   709.1  4176.4  30175.7    30110  1745443547925  1745443558032
read      219.6    98.9   118.1   160.9   168.2   211.8   230.9   241.7   249.6   258.8   270.9   291.3   356.6   950.3  4378.7  30145.2    30115  1745443559546  1745443569651
